# Cross section (10^-38 cm^2/GeV) #
# log(energy in GeV)  nu_e      nu_mu      nu_tau      nu_e_bar      nu_mu_bar    nu_tau_bar #

-3.30103  0.000000e+00  0.000000e+00  0.000000e+00  0.000000e+00  0.000000e+00  0.000000e+00  
-3.22264  0.000000e+00  0.000000e+00  0.000000e+00  0.000000e+00  0.000000e+00  0.000000e+00  
-3.15626  0.000000e+00  0.000000e+00  0.000000e+00  0.000000e+00  0.000000e+00  0.000000e+00  
-3.09869  0.000000e+00  0.000000e+00  0.000000e+00  0.000000e+00  0.000000e+00  0.000000e+00  
-3.04787  0.000000e+00  0.000000e+00  0.000000e+00  0.000000e+00  0.000000e+00  0.000000e+00  
-3.00238  0.000000e+00  0.000000e+00  0.000000e+00  0.000000e+00  0.000000e+00  0.000000e+00  
-2.96121  0.000000e+00  0.000000e+00  0.000000e+00  0.000000e+00  0.000000e+00  0.000000e+00  
-2.9236  0.000000e+00  0.000000e+00  0.000000e+00  0.000000e+00  0.000000e+00  0.000000e+00  
-2.88899  0.000000e+00  0.000000e+00  0.000000e+00  0.000000e+00  0.000000e+00  0.000000e+00  
-2.85694  0.000000e+00  0.000000e+00  0.000000e+00  0.000000e+00  0.000000e+00  0.000000e+00  
-2.82709  0.000000e+00  0.000000e+00  0.000000e+00  0.000000e+00  0.000000e+00  0.000000e+00  
-2.79916  0.000000e+00  0.000000e+00  0.000000e+00  0.000000e+00  0.000000e+00  0.000000e+00  
-2.77292  0.000000e+00  0.000000e+00  0.000000e+00  0.000000e+00  0.000000e+00  0.000000e+00  
-2.74817  0.000000e+00  0.000000e+00  0.000000e+00  0.000000e+00  0.000000e+00  0.000000e+00  
-2.72476  0.000000e+00  0.000000e+00  0.000000e+00  0.000000e+00  0.000000e+00  0.000000e+00  
-2.70255  0.000000e+00  0.000000e+00  0.000000e+00  0.000000e+00  0.000000e+00  0.000000e+00  
-2.68141  0.000000e+00  0.000000e+00  0.000000e+00  0.000000e+00  0.000000e+00  0.000000e+00  
-2.66126  0.000000e+00  0.000000e+00  0.000000e+00  0.000000e+00  0.000000e+00  0.000000e+00  
-2.642  0.000000e+00  0.000000e+00  0.000000e+00  0.000000e+00  0.000000e+00  0.000000e+00  
-2.62356  0.000000e+00  0.000000e+00  0.000000e+00  0.000000e+00  0.000000e+00  0.000000e+00  
-2.60588  0.000000e+00  0.000000e+00  0.000000e+00  0.000000e+00  0.000000e+00  0.000000e+00  
-2.58888  0.000000e+00  0.000000e+00  0.000000e+00  0.000000e+00  0.000000e+00  0.000000e+00  
-2.57252  0.000000e+00  0.000000e+00  0.000000e+00  0.000000e+00  0.000000e+00  0.000000e+00  
-2.55676  0.000000e+00  0.000000e+00  0.000000e+00  0.000000e+00  0.000000e+00  0.000000e+00  
-2.54155  0.000000e+00  0.000000e+00  0.000000e+00  0.000000e+00  0.000000e+00  0.000000e+00  
-2.52685  0.000000e+00  0.000000e+00  0.000000e+00  0.000000e+00  0.000000e+00  0.000000e+00  
-2.51264  0.000000e+00  0.000000e+00  0.000000e+00  0.000000e+00  0.000000e+00  0.000000e+00  
-2.49888  0.000000e+00  0.000000e+00  0.000000e+00  0.000000e+00  0.000000e+00  0.000000e+00  
-2.48553  0.000000e+00  0.000000e+00  0.000000e+00  0.000000e+00  0.000000e+00  0.000000e+00  
-2.47259  0.000000e+00  0.000000e+00  0.000000e+00  0.000000e+00  0.000000e+00  0.000000e+00  
-2.46002  0.000000e+00  0.000000e+00  0.000000e+00  0.000000e+00  0.000000e+00  0.000000e+00  
-2.44781  0.000000e+00  0.000000e+00  0.000000e+00  0.000000e+00  0.000000e+00  0.000000e+00  
-2.43592  0.000000e+00  0.000000e+00  0.000000e+00  0.000000e+00  0.000000e+00  0.000000e+00  
-2.42436  0.000000e+00  0.000000e+00  0.000000e+00  0.000000e+00  0.000000e+00  0.000000e+00  
-2.4131  0.000000e+00  0.000000e+00  0.000000e+00  0.000000e+00  0.000000e+00  0.000000e+00  
-2.40212  0.000000e+00  0.000000e+00  0.000000e+00  0.000000e+00  0.000000e+00  0.000000e+00  
-2.39141  0.000000e+00  0.000000e+00  0.000000e+00  0.000000e+00  0.000000e+00  0.000000e+00  
-2.38095  0.000000e+00  0.000000e+00  0.000000e+00  0.000000e+00  0.000000e+00  0.000000e+00  
-2.37075  0.000000e+00  0.000000e+00  0.000000e+00  0.000000e+00  0.000000e+00  0.000000e+00  
-2.36078  0.000000e+00  0.000000e+00  0.000000e+00  0.000000e+00  0.000000e+00  0.000000e+00  
-2.35103  0.000000e+00  0.000000e+00  0.000000e+00  0.000000e+00  0.000000e+00  0.000000e+00  
-2.3415  0.000000e+00  0.000000e+00  0.000000e+00  0.000000e+00  0.000000e+00  0.000000e+00  
-2.33217  0.000000e+00  0.000000e+00  0.000000e+00  0.000000e+00  0.000000e+00  0.000000e+00  
-2.32303  0.000000e+00  0.000000e+00  0.000000e+00  0.000000e+00  0.000000e+00  0.000000e+00  
-2.31409  0.000000e+00  0.000000e+00  0.000000e+00  0.000000e+00  0.000000e+00  0.000000e+00  
-2.30533  0.000000e+00  0.000000e+00  0.000000e+00  0.000000e+00  0.000000e+00  0.000000e+00  
-2.29673  0.000000e+00  0.000000e+00  0.000000e+00  0.000000e+00  0.000000e+00  0.000000e+00  
-2.28831  0.000000e+00  0.000000e+00  0.000000e+00  0.000000e+00  0.000000e+00  0.000000e+00  
-2.28005  0.000000e+00  0.000000e+00  0.000000e+00  0.000000e+00  0.000000e+00  0.000000e+00  
-2.27194  0.000000e+00  0.000000e+00  0.000000e+00  0.000000e+00  0.000000e+00  0.000000e+00  
-2.26398  0.000000e+00  0.000000e+00  0.000000e+00  0.000000e+00  0.000000e+00  0.000000e+00  
-2.25616  0.000000e+00  0.000000e+00  0.000000e+00  0.000000e+00  0.000000e+00  0.000000e+00  
-2.24848  0.000000e+00  0.000000e+00  0.000000e+00  0.000000e+00  0.000000e+00  0.000000e+00  
-2.24093  0.000000e+00  0.000000e+00  0.000000e+00  0.000000e+00  0.000000e+00  0.000000e+00  
-2.23352  0.000000e+00  0.000000e+00  0.000000e+00  0.000000e+00  0.000000e+00  0.000000e+00  
-2.22622  0.000000e+00  0.000000e+00  0.000000e+00  0.000000e+00  0.000000e+00  0.000000e+00  
-2.21905  0.000000e+00  0.000000e+00  0.000000e+00  0.000000e+00  0.000000e+00  0.000000e+00  
-2.212  0.000000e+00  0.000000e+00  0.000000e+00  0.000000e+00  0.000000e+00  0.000000e+00  
-2.20505  0.000000e+00  0.000000e+00  0.000000e+00  0.000000e+00  0.000000e+00  0.000000e+00  
-2.19822  0.000000e+00  0.000000e+00  0.000000e+00  0.000000e+00  0.000000e+00  0.000000e+00  
-2.19149  0.000000e+00  0.000000e+00  0.000000e+00  0.000000e+00  0.000000e+00  0.000000e+00  
-2.18487  0.000000e+00  0.000000e+00  0.000000e+00  0.000000e+00  0.000000e+00  0.000000e+00  
-2.17834  0.000000e+00  0.000000e+00  0.000000e+00  0.000000e+00  0.000000e+00  0.000000e+00  
-2.17191  0.000000e+00  0.000000e+00  0.000000e+00  0.000000e+00  0.000000e+00  0.000000e+00  
-2.16558  0.000000e+00  0.000000e+00  0.000000e+00  0.000000e+00  0.000000e+00  0.000000e+00  
-2.15933  0.000000e+00  0.000000e+00  0.000000e+00  0.000000e+00  0.000000e+00  0.000000e+00  
-2.15318  0.000000e+00  0.000000e+00  0.000000e+00  0.000000e+00  0.000000e+00  0.000000e+00  
-2.14711  0.000000e+00  0.000000e+00  0.000000e+00  0.000000e+00  0.000000e+00  0.000000e+00  
-2.14112  0.000000e+00  0.000000e+00  0.000000e+00  0.000000e+00  0.000000e+00  0.000000e+00  
-2.13522  0.000000e+00  0.000000e+00  0.000000e+00  0.000000e+00  0.000000e+00  0.000000e+00  
-2.12939  0.000000e+00  0.000000e+00  0.000000e+00  0.000000e+00  0.000000e+00  0.000000e+00  
-2.12365  0.000000e+00  0.000000e+00  0.000000e+00  0.000000e+00  0.000000e+00  0.000000e+00  
-2.11797  0.000000e+00  0.000000e+00  0.000000e+00  0.000000e+00  0.000000e+00  0.000000e+00  
-2.11237  0.000000e+00  0.000000e+00  0.000000e+00  0.000000e+00  0.000000e+00  0.000000e+00  
-2.10684  0.000000e+00  0.000000e+00  0.000000e+00  0.000000e+00  0.000000e+00  0.000000e+00  
-2.10138  0.000000e+00  0.000000e+00  0.000000e+00  0.000000e+00  0.000000e+00  0.000000e+00  
-2.09599  0.000000e+00  0.000000e+00  0.000000e+00  0.000000e+00  0.000000e+00  0.000000e+00  
-2.09067  0.000000e+00  0.000000e+00  0.000000e+00  0.000000e+00  0.000000e+00  0.000000e+00  
-2.08541  0.000000e+00  0.000000e+00  0.000000e+00  0.000000e+00  0.000000e+00  0.000000e+00  
-2.08021  0.000000e+00  0.000000e+00  0.000000e+00  0.000000e+00  0.000000e+00  0.000000e+00  
-2.07507  0.000000e+00  0.000000e+00  0.000000e+00  0.000000e+00  0.000000e+00  0.000000e+00  
-2.07  0.000000e+00  0.000000e+00  0.000000e+00  0.000000e+00  0.000000e+00  0.000000e+00  
-2.06498  0.000000e+00  0.000000e+00  0.000000e+00  0.000000e+00  0.000000e+00  0.000000e+00  
-2.06002  0.000000e+00  0.000000e+00  0.000000e+00  0.000000e+00  0.000000e+00  0.000000e+00  
-2.05512  0.000000e+00  0.000000e+00  0.000000e+00  0.000000e+00  0.000000e+00  0.000000e+00  
-2.05027  0.000000e+00  0.000000e+00  0.000000e+00  0.000000e+00  0.000000e+00  0.000000e+00  
-2.04547  0.000000e+00  0.000000e+00  0.000000e+00  0.000000e+00  0.000000e+00  0.000000e+00  
-2.04073  0.000000e+00  0.000000e+00  0.000000e+00  0.000000e+00  0.000000e+00  0.000000e+00  
-2.03603  0.000000e+00  0.000000e+00  0.000000e+00  0.000000e+00  0.000000e+00  0.000000e+00  
-2.03139  0.000000e+00  0.000000e+00  0.000000e+00  0.000000e+00  0.000000e+00  0.000000e+00  
-2.0268  0.000000e+00  0.000000e+00  0.000000e+00  0.000000e+00  0.000000e+00  0.000000e+00  
-2.02225  0.000000e+00  0.000000e+00  0.000000e+00  0.000000e+00  0.000000e+00  0.000000e+00  
-2.01776  0.000000e+00  0.000000e+00  0.000000e+00  0.000000e+00  0.000000e+00  0.000000e+00  
-2.0133  0.000000e+00  0.000000e+00  0.000000e+00  0.000000e+00  0.000000e+00  0.000000e+00  
-2.0089  0.000000e+00  0.000000e+00  0.000000e+00  0.000000e+00  0.000000e+00  0.000000e+00  
-2.00453  6.567520e-03  0.000000e+00  0.000000e+00  0.000000e+00  0.000000e+00  0.000000e+00  
-2.00022  6.660222e-03  0.000000e+00  0.000000e+00  0.000000e+00  0.000000e+00  0.000000e+00  
-1.99594  6.754505e-03  0.000000e+00  0.000000e+00  0.000000e+00  0.000000e+00  0.000000e+00  
-1.9917  6.918692e-03  0.000000e+00  0.000000e+00  0.000000e+00  0.000000e+00  0.000000e+00  
-1.98751  7.140913e-03  0.000000e+00  0.000000e+00  0.000000e+00  0.000000e+00  0.000000e+00  
-1.98336  7.522516e-03  0.000000e+00  0.000000e+00  0.000000e+00  0.000000e+00  0.000000e+00  
-1.97924  7.867029e-03  0.000000e+00  0.000000e+00  0.000000e+00  0.000000e+00  0.000000e+00  
-1.97517  8.194629e-03  0.000000e+00  0.000000e+00  0.000000e+00  0.000000e+00  0.000000e+00  
-1.97113  8.561220e-03  0.000000e+00  0.000000e+00  0.000000e+00  0.000000e+00  0.000000e+00  
-1.96713  8.804938e-03  0.000000e+00  0.000000e+00  0.000000e+00  0.000000e+00  0.000000e+00  
-1.96316  9.165059e-03  0.000000e+00  0.000000e+00  0.000000e+00  0.000000e+00  0.000000e+00  
-1.95924  9.547451e-03  0.000000e+00  0.000000e+00  0.000000e+00  0.000000e+00  0.000000e+00  
-1.95534  9.765413e-03  0.000000e+00  0.000000e+00  0.000000e+00  0.000000e+00  0.000000e+00  
-1.95148  9.987206e-03  0.000000e+00  0.000000e+00  0.000000e+00  0.000000e+00  0.000000e+00  
-1.94766  1.027139e-02  0.000000e+00  0.000000e+00  0.000000e+00  0.000000e+00  0.000000e+00  
-1.94387  1.056347e-02  0.000000e+00  0.000000e+00  0.000000e+00  0.000000e+00  0.000000e+00  
-1.94011  1.111568e-02  0.000000e+00  0.000000e+00  0.000000e+00  0.000000e+00  0.000000e+00  
-1.93638  1.172870e-02  0.000000e+00  0.000000e+00  0.000000e+00  0.000000e+00  0.000000e+00  
-1.93269  1.214506e-02  0.000000e+00  0.000000e+00  0.000000e+00  0.000000e+00  0.000000e+00  
-1.92903  1.249055e-02  0.000000e+00  0.000000e+00  0.000000e+00  0.000000e+00  0.000000e+00  
-1.92539  1.284553e-02  0.000000e+00  0.000000e+00  0.000000e+00  0.000000e+00  0.000000e+00  
-1.92179  1.321088e-02  0.000000e+00  0.000000e+00  0.000000e+00  0.000000e+00  0.000000e+00  
-1.91822  1.372513e-02  0.000000e+00  0.000000e+00  0.000000e+00  0.000000e+00  0.000000e+00  
-1.91467  1.431426e-02  0.000000e+00  0.000000e+00  0.000000e+00  0.000000e+00  0.000000e+00  
-1.91116  1.462103e-02  0.000000e+00  0.000000e+00  0.000000e+00  0.000000e+00  0.000000e+00  
-1.90767  1.490594e-02  0.000000e+00  0.000000e+00  0.000000e+00  0.000000e+00  0.000000e+00  
-1.90421  1.522281e-02  0.000000e+00  0.000000e+00  0.000000e+00  0.000000e+00  0.000000e+00  
-1.90078  1.537720e-02  0.000000e+00  0.000000e+00  0.000000e+00  0.000000e+00  0.000000e+00  
-1.89738  1.565839e-02  0.000000e+00  0.000000e+00  0.000000e+00  0.000000e+00  0.000000e+00  
-1.894  1.617331e-02  0.000000e+00  0.000000e+00  0.000000e+00  0.000000e+00  0.000000e+00  
-1.89065  1.655912e-02  0.000000e+00  0.000000e+00  0.000000e+00  0.000000e+00  0.000000e+00  
-1.88732  1.671491e-02  0.000000e+00  0.000000e+00  0.000000e+00  0.000000e+00  0.000000e+00  
-1.88402  1.703261e-02  0.000000e+00  0.000000e+00  0.000000e+00  0.000000e+00  0.000000e+00  
-1.88074  1.739437e-02  0.000000e+00  0.000000e+00  0.000000e+00  0.000000e+00  0.000000e+00  
-1.87749  1.776418e-02  0.000000e+00  0.000000e+00  0.000000e+00  0.000000e+00  0.000000e+00  
-1.87426  1.825429e-02  0.000000e+00  0.000000e+00  0.000000e+00  0.000000e+00  0.000000e+00  
-1.87106  1.937873e-02  0.000000e+00  0.000000e+00  0.000000e+00  0.000000e+00  0.000000e+00  
-1.86788  2.063499e-02  0.000000e+00  0.000000e+00  0.000000e+00  0.000000e+00  0.000000e+00  
-1.86472  2.100738e-02  0.000000e+00  0.000000e+00  0.000000e+00  0.000000e+00  0.000000e+00  
-1.86159  2.144320e-02  0.000000e+00  0.000000e+00  0.000000e+00  0.000000e+00  0.000000e+00  
-1.85848  2.189920e-02  0.000000e+00  0.000000e+00  0.000000e+00  0.000000e+00  0.000000e+00  
-1.85539  2.206628e-02  0.000000e+00  0.000000e+00  0.000000e+00  0.000000e+00  0.000000e+00  
-1.85232  2.252567e-02  0.000000e+00  0.000000e+00  0.000000e+00  0.000000e+00  0.000000e+00  
-1.84927  2.316357e-02  0.000000e+00  0.000000e+00  0.000000e+00  0.000000e+00  0.000000e+00  
-1.84625  2.349439e-02  0.000000e+00  0.000000e+00  0.000000e+00  0.000000e+00  0.000000e+00  
-1.84324  2.415636e-02  0.000000e+00  0.000000e+00  0.000000e+00  0.000000e+00  0.000000e+00  
-1.84026  2.450318e-02  0.000000e+00  0.000000e+00  0.000000e+00  0.000000e+00  0.000000e+00  
-1.83729  2.502330e-02  0.000000e+00  0.000000e+00  0.000000e+00  0.000000e+00  0.000000e+00  
-1.83435  2.553499e-02  0.000000e+00  0.000000e+00  0.000000e+00  0.000000e+00  0.000000e+00  
-1.83143  2.573966e-02  0.000000e+00  0.000000e+00  0.000000e+00  0.000000e+00  0.000000e+00  
-1.82852  2.631919e-02  0.000000e+00  0.000000e+00  0.000000e+00  0.000000e+00  0.000000e+00  
-1.82564  2.722180e-02  0.000000e+00  0.000000e+00  0.000000e+00  0.000000e+00  0.000000e+00  
-1.82277  2.782091e-02  0.000000e+00  0.000000e+00  0.000000e+00  0.000000e+00  0.000000e+00  
-1.81993  2.856280e-02  0.000000e+00  0.000000e+00  0.000000e+00  0.000000e+00  0.000000e+00  
-1.8171  2.902145e-02  0.000000e+00  0.000000e+00  0.000000e+00  0.000000e+00  0.000000e+00  
-1.81429  2.981607e-02  0.000000e+00  0.000000e+00  0.000000e+00  0.000000e+00  0.000000e+00  
-1.8115  3.052107e-02  0.000000e+00  0.000000e+00  0.000000e+00  0.000000e+00  0.000000e+00  
-1.80872  3.149152e-02  0.000000e+00  0.000000e+00  0.000000e+00  0.000000e+00  0.000000e+00  
-1.80597  3.197845e-02  0.000000e+00  0.000000e+00  0.000000e+00  0.000000e+00  0.000000e+00  
-1.80323  3.265746e-02  0.000000e+00  0.000000e+00  0.000000e+00  0.000000e+00  0.000000e+00  
-1.8005  3.325260e-02  0.000000e+00  0.000000e+00  0.000000e+00  0.000000e+00  0.000000e+00  
-1.7978  3.359278e-02  0.000000e+00  0.000000e+00  0.000000e+00  0.000000e+00  0.000000e+00  
-1.79511  3.430704e-02  0.000000e+00  0.000000e+00  0.000000e+00  0.000000e+00  0.000000e+00  
-1.79244  3.497358e-02  0.000000e+00  0.000000e+00  0.000000e+00  0.000000e+00  0.000000e+00  
-1.78978  3.540175e-02  0.000000e+00  0.000000e+00  0.000000e+00  0.000000e+00  0.000000e+00  
-1.78715  3.586150e-02  0.000000e+00  0.000000e+00  0.000000e+00  0.000000e+00  0.000000e+00  
-1.78452  3.673048e-02  0.000000e+00  0.000000e+00  0.000000e+00  0.000000e+00  0.000000e+00  
-1.78191  3.732833e-02  0.000000e+00  0.000000e+00  0.000000e+00  0.000000e+00  0.000000e+00  
-1.77932  3.812160e-02  0.000000e+00  0.000000e+00  0.000000e+00  0.000000e+00  0.000000e+00  
-1.77675  3.875246e-02  0.000000e+00  0.000000e+00  0.000000e+00  0.000000e+00  0.000000e+00  
-1.77418  3.921289e-02  0.000000e+00  0.000000e+00  0.000000e+00  0.000000e+00  0.000000e+00  
-1.77164  4.014778e-02  0.000000e+00  0.000000e+00  0.000000e+00  0.000000e+00  0.000000e+00  
-1.76911  4.128943e-02  0.000000e+00  0.000000e+00  0.000000e+00  0.000000e+00  0.000000e+00  
-1.76659  4.246386e-02  0.000000e+00  0.000000e+00  0.000000e+00  0.000000e+00  0.000000e+00  
-1.76409  4.342996e-02  0.000000e+00  0.000000e+00  0.000000e+00  0.000000e+00  0.000000e+00  
-1.7616  4.416917e-02  0.000000e+00  0.000000e+00  0.000000e+00  0.000000e+00  0.000000e+00  
-1.75913  4.510789e-02  0.000000e+00  0.000000e+00  0.000000e+00  0.000000e+00  0.000000e+00  
-1.75667  4.578806e-02  0.000000e+00  0.000000e+00  0.000000e+00  0.000000e+00  0.000000e+00  
-1.75422  4.639884e-02  0.000000e+00  0.000000e+00  0.000000e+00  0.000000e+00  0.000000e+00  
-1.75179  4.738502e-02  0.000000e+00  0.000000e+00  0.000000e+00  0.000000e+00  0.000000e+00  
-1.74937  4.823239e-02  0.000000e+00  0.000000e+00  0.000000e+00  0.000000e+00  0.000000e+00  
-1.74696  4.874836e-02  0.000000e+00  0.000000e+00  0.000000e+00  0.000000e+00  0.000000e+00  
-1.74457  4.960805e-02  0.000000e+00  0.000000e+00  0.000000e+00  0.000000e+00  0.000000e+00  
-1.74219  5.065455e-02  0.000000e+00  0.000000e+00  0.000000e+00  0.000000e+00  0.000000e+00  
-1.73983  5.155764e-02  0.000000e+00  0.000000e+00  0.000000e+00  0.000000e+00  0.000000e+00  
-1.73747  5.265349e-02  0.000000e+00  0.000000e+00  0.000000e+00  0.000000e+00  0.000000e+00  
-1.73513  5.336128e-02  0.000000e+00  0.000000e+00  0.000000e+00  0.000000e+00  0.000000e+00  
-1.7328  5.416169e-02  0.000000e+00  0.000000e+00  0.000000e+00  0.000000e+00  0.000000e+00  
-1.73049  5.531238e-02  0.000000e+00  0.000000e+00  0.000000e+00  0.000000e+00  0.000000e+00  
-1.72819  5.625504e-02  0.000000e+00  0.000000e+00  0.000000e+00  0.000000e+00  0.000000e+00  
-1.72589  5.704911e-02  0.000000e+00  0.000000e+00  0.000000e+00  0.000000e+00  0.000000e+00  
-1.72362  5.785463e-02  0.000000e+00  0.000000e+00  0.000000e+00  0.000000e+00  0.000000e+00  
-1.72135  5.867186e-02  0.000000e+00  0.000000e+00  0.000000e+00  0.000000e+00  0.000000e+00  
-1.71909  5.976763e-02  0.000000e+00  0.000000e+00  0.000000e+00  0.000000e+00  0.000000e+00  
-1.71685  6.103760e-02  0.000000e+00  0.000000e+00  0.000000e+00  0.000000e+00  0.000000e+00  
-1.71462  6.147268e-02  0.000000e+00  0.000000e+00  0.000000e+00  0.000000e+00  0.000000e+00  
-1.7124  6.205593e-02  0.000000e+00  0.000000e+00  0.000000e+00  0.000000e+00  0.000000e+00  
-1.71019  6.293245e-02  0.000000e+00  0.000000e+00  0.000000e+00  0.000000e+00  0.000000e+00  
-1.70799  6.413646e-02  0.000000e+00  0.000000e+00  0.000000e+00  0.000000e+00  0.000000e+00  
-1.7058  6.484724e-02  0.000000e+00  0.000000e+00  0.000000e+00  0.000000e+00  0.000000e+00  
-1.70362  6.597219e-02  0.000000e+00  0.000000e+00  0.000000e+00  0.000000e+00  0.000000e+00  
-1.70146  6.737451e-02  0.000000e+00  0.000000e+00  0.000000e+00  0.000000e+00  0.000000e+00  
-1.6993  6.808518e-02  0.000000e+00  0.000000e+00  0.000000e+00  0.000000e+00  0.000000e+00  
-1.69716  7.005424e-02  0.000000e+00  0.000000e+00  0.000000e+00  0.000000e+00  0.000000e+00  
-1.69503  7.215874e-02  0.000000e+00  0.000000e+00  0.000000e+00  0.000000e+00  0.000000e+00  
-1.6929  7.420633e-02  0.000000e+00  0.000000e+00  0.000000e+00  0.000000e+00  0.000000e+00  
-1.69079  7.546111e-02  0.000000e+00  0.000000e+00  0.000000e+00  0.000000e+00  0.000000e+00  
-1.68869  7.652690e-02  0.000000e+00  0.000000e+00  0.000000e+00  0.000000e+00  0.000000e+00  
-1.6866  7.760785e-02  0.000000e+00  0.000000e+00  0.000000e+00  0.000000e+00  0.000000e+00  
-1.68451  7.870293e-02  0.000000e+00  0.000000e+00  0.000000e+00  0.000000e+00  0.000000e+00  
-1.68244  7.981340e-02  0.000000e+00  0.000000e+00  0.000000e+00  0.000000e+00  0.000000e+00  
-1.68038  8.094071e-02  0.000000e+00  0.000000e+00  0.000000e+00  0.000000e+00  0.000000e+00  
-1.67833  8.208392e-02  0.000000e+00  0.000000e+00  0.000000e+00  0.000000e+00  0.000000e+00  
-1.67628  8.482811e-02  0.000000e+00  0.000000e+00  0.000000e+00  0.000000e+00  0.000000e+00  
-1.67425  8.784650e-02  0.000000e+00  0.000000e+00  0.000000e+00  0.000000e+00  0.000000e+00  
-1.67222  8.923980e-02  0.000000e+00  0.000000e+00  0.000000e+00  0.000000e+00  0.000000e+00  
-1.67021  9.050003e-02  0.000000e+00  0.000000e+00  0.000000e+00  0.000000e+00  0.000000e+00  
-1.6682  9.177807e-02  0.000000e+00  0.000000e+00  0.000000e+00  0.000000e+00  0.000000e+00  
-1.66621  9.307340e-02  0.000000e+00  0.000000e+00  0.000000e+00  0.000000e+00  0.000000e+00  
-1.66422  9.438787e-02  0.000000e+00  0.000000e+00  0.000000e+00  0.000000e+00  0.000000e+00  
-1.66224  9.571963e-02  0.000000e+00  0.000000e+00  0.000000e+00  0.000000e+00  0.000000e+00  
-1.66027  9.572993e-02  0.000000e+00  0.000000e+00  0.000000e+00  0.000000e+00  0.000000e+00  
-1.65831  9.572960e-02  0.000000e+00  0.000000e+00  0.000000e+00  0.000000e+00  0.000000e+00  
-1.65636  9.572926e-02  0.000000e+00  0.000000e+00  0.000000e+00  0.000000e+00  0.000000e+00  
-1.65442  9.578801e-02  0.000000e+00  0.000000e+00  0.000000e+00  0.000000e+00  0.000000e+00  
-1.65249  9.713991e-02  0.000000e+00  0.000000e+00  0.000000e+00  0.000000e+00  0.000000e+00  
-1.65056  9.856104e-02  0.000000e+00  0.000000e+00  0.000000e+00  0.000000e+00  0.000000e+00  
-1.64864  1.005412e-01  0.000000e+00  0.000000e+00  0.000000e+00  0.000000e+00  0.000000e+00  
-1.64673  1.013822e-01  0.000000e+00  0.000000e+00  0.000000e+00  0.000000e+00  0.000000e+00  
-1.64483  1.035400e-01  0.000000e+00  0.000000e+00  0.000000e+00  0.000000e+00  0.000000e+00  
-1.64294  1.055579e-01  0.000000e+00  0.000000e+00  0.000000e+00  0.000000e+00  0.000000e+00  
-1.64106  1.065038e-01  0.000000e+00  0.000000e+00  0.000000e+00  0.000000e+00  0.000000e+00  
-1.63918  1.086529e-01  0.000000e+00  0.000000e+00  0.000000e+00  0.000000e+00  0.000000e+00  
-1.63732  1.101864e-01  0.000000e+00  0.000000e+00  0.000000e+00  0.000000e+00  0.000000e+00  
-1.63546  1.114721e-01  0.000000e+00  0.000000e+00  0.000000e+00  0.000000e+00  0.000000e+00  
-1.6336  1.114718e-01  0.000000e+00  0.000000e+00  0.000000e+00  0.000000e+00  0.000000e+00  
-1.63176  1.119397e-01  0.000000e+00  0.000000e+00  0.000000e+00  0.000000e+00  0.000000e+00  
-1.62993  1.141511e-01  0.000000e+00  0.000000e+00  0.000000e+00  0.000000e+00  0.000000e+00  
-1.6281  1.159451e-01  0.000000e+00  0.000000e+00  0.000000e+00  0.000000e+00  0.000000e+00  
-1.62628  1.184086e-01  0.000000e+00  0.000000e+00  0.000000e+00  0.000000e+00  0.000000e+00  
-1.62446  1.205016e-01  0.000000e+00  0.000000e+00  0.000000e+00  0.000000e+00  0.000000e+00  
-1.62266  1.217976e-01  0.000000e+00  0.000000e+00  0.000000e+00  0.000000e+00  0.000000e+00  
-1.62086  1.246312e-01  0.000000e+00  0.000000e+00  0.000000e+00  0.000000e+00  0.000000e+00  
-1.61907  1.284480e-01  0.000000e+00  0.000000e+00  0.000000e+00  0.000000e+00  0.000000e+00  
-1.61729  1.333270e-01  0.000000e+00  0.000000e+00  0.000000e+00  0.000000e+00  0.000000e+00  
-1.61551  1.374982e-01  0.000000e+00  0.000000e+00  0.000000e+00  0.000000e+00  0.000000e+00  
-1.61374  1.391053e-01  0.000000e+00  0.000000e+00  0.000000e+00  0.000000e+00  0.000000e+00  
-1.61198  1.410466e-01  0.000000e+00  0.000000e+00  0.000000e+00  0.000000e+00  0.000000e+00  
-1.61023  1.420994e-01  0.000000e+00  0.000000e+00  0.000000e+00  0.000000e+00  0.000000e+00  
-1.60848  1.443761e-01  0.000000e+00  0.000000e+00  0.000000e+00  0.000000e+00  0.000000e+00  
-1.60674  1.457758e-01  0.000000e+00  0.000000e+00  0.000000e+00  0.000000e+00  0.000000e+00  
-1.60501  1.478340e-01  0.000000e+00  0.000000e+00  0.000000e+00  0.000000e+00  0.000000e+00  
-1.60328  1.490751e-01  0.000000e+00  0.000000e+00  0.000000e+00  0.000000e+00  0.000000e+00  
-1.60156  1.499482e-01  0.000000e+00  0.000000e+00  0.000000e+00  0.000000e+00  0.000000e+00  
-1.59985  1.511523e-01  0.000000e+00  0.000000e+00  0.000000e+00  0.000000e+00  0.000000e+00  
-1.59814  1.520917e-01  0.000000e+00  0.000000e+00  0.000000e+00  0.000000e+00  0.000000e+00  
-1.59644  1.542391e-01  0.000000e+00  0.000000e+00  0.000000e+00  0.000000e+00  0.000000e+00  
-1.59475  1.564165e-01  0.000000e+00  0.000000e+00  0.000000e+00  0.000000e+00  0.000000e+00  
-1.59306  1.586271e-01  0.000000e+00  0.000000e+00  0.000000e+00  0.000000e+00  0.000000e+00  
-1.59138  1.608668e-01  0.000000e+00  0.000000e+00  0.000000e+00  0.000000e+00  0.000000e+00  
-1.58971  1.631368e-01  0.000000e+00  0.000000e+00  0.000000e+00  0.000000e+00  0.000000e+00  
-1.58804  1.654399e-01  0.000000e+00  0.000000e+00  0.000000e+00  0.000000e+00  0.000000e+00  
-1.58638  1.665295e-01  0.000000e+00  0.000000e+00  0.000000e+00  0.000000e+00  0.000000e+00  
-1.58473  1.665288e-01  0.000000e+00  0.000000e+00  0.000000e+00  0.000000e+00  0.000000e+00  
-1.58308  1.671816e-01  0.000000e+00  0.000000e+00  0.000000e+00  0.000000e+00  0.000000e+00  
-1.58144  1.683575e-01  0.000000e+00  0.000000e+00  0.000000e+00  0.000000e+00  0.000000e+00  
-1.5798  1.688485e-01  0.000000e+00  0.000000e+00  0.000000e+00  0.000000e+00  0.000000e+00  
-1.57817  1.702641e-01  0.000000e+00  0.000000e+00  0.000000e+00  0.000000e+00  0.000000e+00  
-1.57655  1.726691e-01  0.000000e+00  0.000000e+00  0.000000e+00  0.000000e+00  0.000000e+00  
-1.57493  1.751064e-01  0.000000e+00  0.000000e+00  0.000000e+00  0.000000e+00  0.000000e+00  
-1.57332  1.775805e-01  0.000000e+00  0.000000e+00  0.000000e+00  0.000000e+00  0.000000e+00  
-1.57172  1.800864e-01  0.000000e+00  0.000000e+00  0.000000e+00  0.000000e+00  0.000000e+00  
-1.57012  1.834833e-01  0.000000e+00  0.000000e+00  0.000000e+00  0.000000e+00  0.000000e+00  
-1.56852  1.864998e-01  0.000000e+00  0.000000e+00  0.000000e+00  0.000000e+00  0.000000e+00  
-1.56694  1.882207e-01  0.000000e+00  0.000000e+00  0.000000e+00  0.000000e+00  0.000000e+00  
-1.56535  1.904742e-01  0.000000e+00  0.000000e+00  0.000000e+00  0.000000e+00  0.000000e+00  
-1.56378  1.922051e-01  0.000000e+00  0.000000e+00  0.000000e+00  0.000000e+00  0.000000e+00  
-1.56221  1.935549e-01  0.000000e+00  0.000000e+00  0.000000e+00  0.000000e+00  0.000000e+00  
-1.56064  1.959257e-01  0.000000e+00  0.000000e+00  0.000000e+00  0.000000e+00  0.000000e+00  
-1.55908  1.986931e-01  0.000000e+00  0.000000e+00  0.000000e+00  0.000000e+00  0.000000e+00  
-1.55753  2.004262e-01  0.000000e+00  0.000000e+00  0.000000e+00  0.000000e+00  0.000000e+00  
-1.55598  2.018323e-01  0.000000e+00  0.000000e+00  0.000000e+00  0.000000e+00  0.000000e+00  
-1.55444  2.043768e-01  0.000000e+00  0.000000e+00  0.000000e+00  0.000000e+00  0.000000e+00  
-1.5529  2.072635e-01  0.000000e+00  0.000000e+00  0.000000e+00  0.000000e+00  0.000000e+00  
-1.55137  2.078066e-01  0.000000e+00  0.000000e+00  0.000000e+00  0.000000e+00  0.000000e+00  
-1.54985  2.078058e-01  0.000000e+00  0.000000e+00  0.000000e+00  0.000000e+00  0.000000e+00  
-1.54832  2.102639e-01  0.000000e+00  0.000000e+00  0.000000e+00  0.000000e+00  0.000000e+00  
-1.54681  2.132312e-01  0.000000e+00  0.000000e+00  0.000000e+00  0.000000e+00  0.000000e+00  
-1.5453  2.162425e-01  0.000000e+00  0.000000e+00  0.000000e+00  0.000000e+00  0.000000e+00  
-1.54379  2.192941e-01  0.000000e+00  0.000000e+00  0.000000e+00  0.000000e+00  0.000000e+00  
-1.54229  2.223911e-01  0.000000e+00  0.000000e+00  0.000000e+00  0.000000e+00  0.000000e+00  
-1.5408  2.255321e-01  0.000000e+00  0.000000e+00  0.000000e+00  0.000000e+00  0.000000e+00  
-1.53931  2.287146e-01  0.000000e+00  0.000000e+00  0.000000e+00  0.000000e+00  0.000000e+00  
-1.53783  2.319448e-01  0.000000e+00  0.000000e+00  0.000000e+00  0.000000e+00  0.000000e+00  
-1.53635  2.321373e-01  0.000000e+00  0.000000e+00  0.000000e+00  0.000000e+00  0.000000e+00  
-1.53487  2.352600e-01  0.000000e+00  0.000000e+00  0.000000e+00  0.000000e+00  0.000000e+00  
-1.5334  2.353718e-01  0.000000e+00  0.000000e+00  0.000000e+00  0.000000e+00  0.000000e+00  
-1.53194  2.353708e-01  0.000000e+00  0.000000e+00  0.000000e+00  0.000000e+00  0.000000e+00  
-1.53048  2.386568e-01  0.000000e+00  0.000000e+00  0.000000e+00  0.000000e+00  0.000000e+00  
-1.52902  2.403979e-01  0.000000e+00  0.000000e+00  0.000000e+00  0.000000e+00  0.000000e+00  
-1.52757  2.453500e-01  0.000000e+00  0.000000e+00  0.000000e+00  0.000000e+00  0.000000e+00  
-1.52613  2.455677e-01  0.000000e+00  0.000000e+00  0.000000e+00  0.000000e+00  0.000000e+00  
-1.52469  2.505994e-01  0.000000e+00  0.000000e+00  0.000000e+00  0.000000e+00  0.000000e+00  
-1.52325  2.524755e-01  0.000000e+00  0.000000e+00  0.000000e+00  0.000000e+00  0.000000e+00  
-1.52182  2.560420e-01  0.000000e+00  0.000000e+00  0.000000e+00  0.000000e+00  0.000000e+00  
-1.5204  2.596587e-01  0.000000e+00  0.000000e+00  0.000000e+00  0.000000e+00  0.000000e+00  
-1.51898  2.629299e-01  0.000000e+00  0.000000e+00  0.000000e+00  0.000000e+00  0.000000e+00  
-1.51756  2.633709e-01  0.000000e+00  0.000000e+00  0.000000e+00  0.000000e+00  0.000000e+00  
-1.51615  2.670880e-01  0.000000e+00  0.000000e+00  0.000000e+00  0.000000e+00  0.000000e+00  
-1.51474  2.708611e-01  0.000000e+00  0.000000e+00  0.000000e+00  0.000000e+00  0.000000e+00  
-1.51334  2.746894e-01  0.000000e+00  0.000000e+00  0.000000e+00  0.000000e+00  0.000000e+00  
-1.51194  2.789165e-01  0.000000e+00  0.000000e+00  0.000000e+00  0.000000e+00  0.000000e+00  
-1.51054  2.848362e-01  0.000000e+00  0.000000e+00  0.000000e+00  0.000000e+00  0.000000e+00  
-1.50915  2.900793e-01  0.000000e+00  0.000000e+00  0.000000e+00  0.000000e+00  0.000000e+00  
-1.50777  2.921245e-01  0.000000e+00  0.000000e+00  0.000000e+00  0.000000e+00  0.000000e+00  
-1.50639  2.946352e-01  0.000000e+00  0.000000e+00  0.000000e+00  0.000000e+00  0.000000e+00  
-1.50501  2.987939e-01  0.000000e+00  0.000000e+00  0.000000e+00  0.000000e+00  0.000000e+00  
-1.50364  3.024868e-01  0.000000e+00  0.000000e+00  0.000000e+00  0.000000e+00  0.000000e+00  
-1.50227  3.046169e-01  0.000000e+00  0.000000e+00  0.000000e+00  0.000000e+00  0.000000e+00  
-1.50091  3.073464e-01  0.000000e+00  0.000000e+00  0.000000e+00  0.000000e+00  0.000000e+00  
-1.49955  3.104347e-01  0.000000e+00  0.000000e+00  0.000000e+00  0.000000e+00  0.000000e+00  
-1.4982  3.104335e-01  0.000000e+00  0.000000e+00  0.000000e+00  0.000000e+00  0.000000e+00  
-1.49684  3.111140e-01  0.000000e+00  0.000000e+00  0.000000e+00  0.000000e+00  0.000000e+00  
-1.4955  3.140233e-01  0.000000e+00  0.000000e+00  0.000000e+00  0.000000e+00  0.000000e+00  
-1.49416  3.177002e-01  0.000000e+00  0.000000e+00  0.000000e+00  0.000000e+00  0.000000e+00  
-1.49282  3.207203e-01  0.000000e+00  0.000000e+00  0.000000e+00  0.000000e+00  0.000000e+00  
-1.49148  3.244202e-01  0.000000e+00  0.000000e+00  0.000000e+00  0.000000e+00  0.000000e+00  
-1.49015  3.267039e-01  0.000000e+00  0.000000e+00  0.000000e+00  0.000000e+00  0.000000e+00  
-1.48883  3.298973e-01  0.000000e+00  0.000000e+00  0.000000e+00  0.000000e+00  0.000000e+00  
-1.48751  3.326743e-01  0.000000e+00  0.000000e+00  0.000000e+00  0.000000e+00  0.000000e+00  
-1.48619  3.346161e-01  0.000000e+00  0.000000e+00  0.000000e+00  0.000000e+00  0.000000e+00  
-1.48487  3.393399e-01  0.000000e+00  0.000000e+00  0.000000e+00  0.000000e+00  0.000000e+00  
-1.48356  3.420108e-01  0.000000e+00  0.000000e+00  0.000000e+00  0.000000e+00  0.000000e+00  
-1.48226  3.441909e-01  0.000000e+00  0.000000e+00  0.000000e+00  0.000000e+00  0.000000e+00  
-1.48096  3.467762e-01  0.000000e+00  0.000000e+00  0.000000e+00  0.000000e+00  0.000000e+00  
-1.47966  3.467749e-01  0.000000e+00  0.000000e+00  0.000000e+00  0.000000e+00  0.000000e+00  
-1.47836  3.467737e-01  0.000000e+00  0.000000e+00  0.000000e+00  0.000000e+00  0.000000e+00  
-1.47707  3.467723e-01  0.000000e+00  0.000000e+00  0.000000e+00  0.000000e+00  0.000000e+00  
-1.47579  3.492964e-01  0.000000e+00  0.000000e+00  0.000000e+00  0.000000e+00  0.000000e+00  
-1.4745  3.529185e-01  0.000000e+00  0.000000e+00  0.000000e+00  0.000000e+00  0.000000e+00  
-1.47323  3.581281e-01  0.000000e+00  0.000000e+00  0.000000e+00  0.000000e+00  0.000000e+00  
-1.47195  3.614732e-01  0.000000e+00  0.000000e+00  0.000000e+00  0.000000e+00  0.000000e+00  
-1.47068  3.658366e-01  0.000000e+00  0.000000e+00  0.000000e+00  0.000000e+00  0.000000e+00  
-1.46941  3.705650e-01  0.000000e+00  0.000000e+00  0.000000e+00  0.000000e+00  0.000000e+00  
-1.46815  3.747298e-01  0.000000e+00  0.000000e+00  0.000000e+00  0.000000e+00  0.000000e+00  
-1.46689  3.800196e-01  0.000000e+00  0.000000e+00  0.000000e+00  0.000000e+00  0.000000e+00  
-1.46563  3.820489e-01  0.000000e+00  0.000000e+00  0.000000e+00  0.000000e+00  0.000000e+00  
-1.46438  3.820474e-01  0.000000e+00  0.000000e+00  0.000000e+00  0.000000e+00  0.000000e+00  
-1.46313  3.855229e-01  0.000000e+00  0.000000e+00  0.000000e+00  0.000000e+00  0.000000e+00  
-1.46188  3.873706e-01  0.000000e+00  0.000000e+00  0.000000e+00  0.000000e+00  0.000000e+00  
-1.46064  3.910300e-01  0.000000e+00  0.000000e+00  0.000000e+00  0.000000e+00  0.000000e+00  
-1.4594  3.946607e-01  0.000000e+00  0.000000e+00  0.000000e+00  0.000000e+00  0.000000e+00  
-1.45816  3.974318e-01  0.000000e+00  0.000000e+00  0.000000e+00  0.000000e+00  0.000000e+00  
-1.45693  4.022218e-01  0.000000e+00  0.000000e+00  0.000000e+00  0.000000e+00  0.000000e+00  
-1.4557  4.037912e-01  0.000000e+00  0.000000e+00  0.000000e+00  0.000000e+00  0.000000e+00  
-1.45448  4.079710e-01  0.000000e+00  0.000000e+00  0.000000e+00  0.000000e+00  0.000000e+00  
-1.45326  4.137335e-01  0.000000e+00  0.000000e+00  0.000000e+00  0.000000e+00  0.000000e+00  
-1.45204  4.151237e-01  0.000000e+00  0.000000e+00  0.000000e+00  0.000000e+00  0.000000e+00  
-1.45082  4.196472e-01  0.000000e+00  0.000000e+00  0.000000e+00  0.000000e+00  0.000000e+00  
-1.44961  4.209076e-01  0.000000e+00  0.000000e+00  0.000000e+00  0.000000e+00  0.000000e+00  
-1.44841  4.256456e-01  0.000000e+00  0.000000e+00  0.000000e+00  0.000000e+00  0.000000e+00  
-1.4472  4.267724e-01  0.000000e+00  0.000000e+00  0.000000e+00  0.000000e+00  0.000000e+00  
-1.446  4.342525e-01  0.000000e+00  0.000000e+00  0.000000e+00  0.000000e+00  0.000000e+00  
-1.4448  4.408803e-01  0.000000e+00  0.000000e+00  0.000000e+00  0.000000e+00  0.000000e+00  
-1.44361  4.444363e-01  0.000000e+00  0.000000e+00  0.000000e+00  0.000000e+00  0.000000e+00  
-1.44242  4.502764e-01  0.000000e+00  0.000000e+00  0.000000e+00  0.000000e+00  0.000000e+00  
-1.44123  4.510651e-01  0.000000e+00  0.000000e+00  0.000000e+00  0.000000e+00  0.000000e+00  
-1.44004  4.567130e-01  0.000000e+00  0.000000e+00  0.000000e+00  0.000000e+00  0.000000e+00  
-1.43886  4.631630e-01  0.000000e+00  0.000000e+00  0.000000e+00  0.000000e+00  0.000000e+00  
-1.43768  4.637242e-01  0.000000e+00  0.000000e+00  0.000000e+00  0.000000e+00  0.000000e+00  
-1.43651  4.697834e-01  0.000000e+00  0.000000e+00  0.000000e+00  0.000000e+00  0.000000e+00  
-1.43534  4.701854e-01  0.000000e+00  0.000000e+00  0.000000e+00  0.000000e+00  0.000000e+00  
-1.43417  4.764977e-01  0.000000e+00  0.000000e+00  0.000000e+00  0.000000e+00  0.000000e+00  
-1.433  4.767369e-01  0.000000e+00  0.000000e+00  0.000000e+00  0.000000e+00  0.000000e+00  
-1.43184  4.767351e-01  0.000000e+00  0.000000e+00  0.000000e+00  0.000000e+00  0.000000e+00  
-1.43068  4.767410e-01  0.000000e+00  0.000000e+00  0.000000e+00  0.000000e+00  0.000000e+00  
-1.42952  4.801067e-01  0.000000e+00  0.000000e+00  0.000000e+00  0.000000e+00  0.000000e+00  
-1.42837  4.835649e-01  0.000000e+00  0.000000e+00  0.000000e+00  0.000000e+00  0.000000e+00  
-1.42722  4.902543e-01  0.000000e+00  0.000000e+00  0.000000e+00  0.000000e+00  0.000000e+00  
-1.42607  4.937112e-01  0.000000e+00  0.000000e+00  0.000000e+00  0.000000e+00  0.000000e+00  
-1.42493  4.974075e-01  0.000000e+00  0.000000e+00  0.000000e+00  0.000000e+00  0.000000e+00  
-1.42379  5.044335e-01  0.000000e+00  0.000000e+00  0.000000e+00  0.000000e+00  0.000000e+00  
-1.42265  5.112215e-01  0.000000e+00  0.000000e+00  0.000000e+00  0.000000e+00  0.000000e+00  
-1.42151  5.148281e-01  0.000000e+00  0.000000e+00  0.000000e+00  0.000000e+00  0.000000e+00  
-1.42038  5.188663e-01  0.000000e+00  0.000000e+00  0.000000e+00  0.000000e+00  0.000000e+00  
-1.41925  5.252286e-01  0.000000e+00  0.000000e+00  0.000000e+00  0.000000e+00  0.000000e+00  
-1.41813  5.252267e-01  0.000000e+00  0.000000e+00  0.000000e+00  0.000000e+00  0.000000e+00  
-1.417  5.252247e-01  0.000000e+00  0.000000e+00  0.000000e+00  0.000000e+00  0.000000e+00  
-1.41588  5.271103e-01  0.000000e+00  0.000000e+00  0.000000e+00  0.000000e+00  0.000000e+00  
-1.41476  5.376276e-01  0.000000e+00  0.000000e+00  0.000000e+00  0.000000e+00  0.000000e+00  
-1.41365  5.444704e-01  0.000000e+00  0.000000e+00  0.000000e+00  0.000000e+00  0.000000e+00  
-1.41254  5.490948e-01  0.000000e+00  0.000000e+00  0.000000e+00  0.000000e+00  0.000000e+00  
-1.41143  5.551213e-01  0.000000e+00  0.000000e+00  0.000000e+00  0.000000e+00  0.000000e+00  
-1.41032  5.569447e-01  0.000000e+00  0.000000e+00  0.000000e+00  0.000000e+00  0.000000e+00  
-1.40922  5.648058e-01  0.000000e+00  0.000000e+00  0.000000e+00  0.000000e+00  0.000000e+00  
-1.40812  5.707008e-01  0.000000e+00  0.000000e+00  0.000000e+00  0.000000e+00  0.000000e+00  
-1.40702  5.728865e-01  0.000000e+00  0.000000e+00  0.000000e+00  0.000000e+00  0.000000e+00  
-1.40592  5.786528e-01  0.000000e+00  0.000000e+00  0.000000e+00  0.000000e+00  0.000000e+00  
-1.40483  5.810764e-01  0.000000e+00  0.000000e+00  0.000000e+00  0.000000e+00  0.000000e+00  
-1.40374  5.867154e-01  0.000000e+00  0.000000e+00  0.000000e+00  0.000000e+00  0.000000e+00  
-1.40265  5.867132e-01  0.000000e+00  0.000000e+00  0.000000e+00  0.000000e+00  0.000000e+00  
-1.40157  5.839698e-01  0.000000e+00  0.000000e+00  0.000000e+00  0.000000e+00  0.000000e+00  
-1.40049  5.800636e-01  0.000000e+00  0.000000e+00  0.000000e+00  0.000000e+00  0.000000e+00  
-1.39941  5.841473e-01  0.000000e+00  0.000000e+00  0.000000e+00  0.000000e+00  0.000000e+00  
-1.39833  5.867043e-01  0.000000e+00  0.000000e+00  0.000000e+00  0.000000e+00  0.000000e+00  
-1.39726  5.899021e-01  0.000000e+00  0.000000e+00  0.000000e+00  0.000000e+00  0.000000e+00  
-1.39619  5.948791e-01  0.000000e+00  0.000000e+00  0.000000e+00  0.000000e+00  0.000000e+00  
-1.39512  5.983384e-01  0.000000e+00  0.000000e+00  0.000000e+00  0.000000e+00  0.000000e+00  
-1.39406  6.067865e-01  0.000000e+00  0.000000e+00  0.000000e+00  0.000000e+00  0.000000e+00  
-1.39299  6.115744e-01  0.000000e+00  0.000000e+00  0.000000e+00  0.000000e+00  0.000000e+00  
-1.39193  6.154605e-01  0.000000e+00  0.000000e+00  0.000000e+00  0.000000e+00  0.000000e+00  
-1.39087  6.200958e-01  0.000000e+00  0.000000e+00  0.000000e+00  0.000000e+00  0.000000e+00  
-1.38982  6.242668e-01  0.000000e+00  0.000000e+00  0.000000e+00  0.000000e+00  0.000000e+00  
-1.38877  6.309082e-01  0.000000e+00  0.000000e+00  0.000000e+00  0.000000e+00  0.000000e+00  
-1.38772  6.353426e-01  0.000000e+00  0.000000e+00  0.000000e+00  0.000000e+00  0.000000e+00  
-1.38667  6.374964e-01  0.000000e+00  0.000000e+00  0.000000e+00  0.000000e+00  0.000000e+00  
-1.38562  6.374939e-01  0.000000e+00  0.000000e+00  0.000000e+00  0.000000e+00  0.000000e+00  
-1.38458  6.374915e-01  0.000000e+00  0.000000e+00  0.000000e+00  0.000000e+00  0.000000e+00  
-1.38354  6.424658e-01  0.000000e+00  0.000000e+00  0.000000e+00  0.000000e+00  0.000000e+00  
-1.3825  6.463740e-01  0.000000e+00  0.000000e+00  0.000000e+00  0.000000e+00  0.000000e+00  
-1.38147  6.463715e-01  0.000000e+00  0.000000e+00  0.000000e+00  0.000000e+00  0.000000e+00  
-1.38044  6.517636e-01  0.000000e+00  0.000000e+00  0.000000e+00  0.000000e+00  0.000000e+00  
-1.37941  6.553778e-01  0.000000e+00  0.000000e+00  0.000000e+00  0.000000e+00  0.000000e+00  
-1.37838  6.582296e-01  0.000000e+00  0.000000e+00  0.000000e+00  0.000000e+00  0.000000e+00  
-1.37735  6.628579e-01  0.000000e+00  0.000000e+00  0.000000e+00  0.000000e+00  0.000000e+00  
-1.37633  6.675218e-01  0.000000e+00  0.000000e+00  0.000000e+00  0.000000e+00  0.000000e+00  
-1.37531  6.784522e-01  0.000000e+00  0.000000e+00  0.000000e+00  0.000000e+00  0.000000e+00  
-1.37429  6.896093e-01  0.000000e+00  0.000000e+00  0.000000e+00  0.000000e+00  0.000000e+00  
-1.37328  6.960101e-01  0.000000e+00  0.000000e+00  0.000000e+00  0.000000e+00  0.000000e+00  
-1.37226  7.008988e-01  0.000000e+00  0.000000e+00  0.000000e+00  0.000000e+00  0.000000e+00  
-1.37125  7.023318e-01  0.000000e+00  0.000000e+00  0.000000e+00  0.000000e+00  0.000000e+00  
-1.37024  7.094688e-01  0.000000e+00  0.000000e+00  0.000000e+00  0.000000e+00  0.000000e+00  
-1.36924  7.121179e-01  0.000000e+00  0.000000e+00  0.000000e+00  0.000000e+00  0.000000e+00  
-1.36823  7.196126e-01  0.000000e+00  0.000000e+00  0.000000e+00  0.000000e+00  0.000000e+00  
-1.36723  7.297690e-01  0.000000e+00  0.000000e+00  0.000000e+00  0.000000e+00  0.000000e+00  
-1.36623  7.321035e-01  0.000000e+00  0.000000e+00  0.000000e+00  0.000000e+00  0.000000e+00  
-1.36523  7.401976e-01  0.000000e+00  0.000000e+00  0.000000e+00  0.000000e+00  0.000000e+00  
-1.36424  7.423042e-01  0.000000e+00  0.000000e+00  0.000000e+00  0.000000e+00  0.000000e+00  
-1.36325  7.423014e-01  0.000000e+00  0.000000e+00  0.000000e+00  0.000000e+00  0.000000e+00  
-1.36226  7.509132e-01  0.000000e+00  0.000000e+00  0.000000e+00  0.000000e+00  0.000000e+00  
-1.36127  7.570818e-01  0.000000e+00  0.000000e+00  0.000000e+00  0.000000e+00  0.000000e+00  
-1.36028  7.669569e-01  0.000000e+00  0.000000e+00  0.000000e+00  0.000000e+00  0.000000e+00  
-1.3593  7.730871e-01  0.000000e+00  0.000000e+00  0.000000e+00  0.000000e+00  0.000000e+00  
-1.35832  7.737673e-01  0.000000e+00  0.000000e+00  0.000000e+00  0.000000e+00  0.000000e+00  
-1.35734  7.834441e-01  0.000000e+00  0.000000e+00  0.000000e+00  0.000000e+00  0.000000e+00  
-1.35636  7.845485e-01  0.000000e+00  0.000000e+00  0.000000e+00  0.000000e+00  0.000000e+00  
-1.35539  7.946418e-01  0.000000e+00  0.000000e+00  0.000000e+00  0.000000e+00  0.000000e+00  
-1.35441  8.058655e-01  0.000000e+00  0.000000e+00  0.000000e+00  0.000000e+00  0.000000e+00  
-1.35344  8.065670e-01  0.000000e+00  0.000000e+00  0.000000e+00  0.000000e+00  0.000000e+00  
-1.35248  8.173836e-01  0.000000e+00  0.000000e+00  0.000000e+00  0.000000e+00  0.000000e+00  
-1.35151  8.178052e-01  0.000000e+00  0.000000e+00  0.000000e+00  0.000000e+00  0.000000e+00  
-1.35055  8.178021e-01  0.000000e+00  0.000000e+00  0.000000e+00  0.000000e+00  0.000000e+00  
-1.34958  8.177991e-01  0.000000e+00  0.000000e+00  0.000000e+00  0.000000e+00  0.000000e+00  
-1.34862  8.179531e-01  0.000000e+00  0.000000e+00  0.000000e+00  0.000000e+00  0.000000e+00  
-1.34767  8.295584e-01  0.000000e+00  0.000000e+00  0.000000e+00  0.000000e+00  0.000000e+00  
-1.34671  8.407506e-01  0.000000e+00  0.000000e+00  0.000000e+00  0.000000e+00  0.000000e+00  
-1.34576  8.413668e-01  0.000000e+00  0.000000e+00  0.000000e+00  0.000000e+00  0.000000e+00  
-1.34481  8.524652e-01  0.000000e+00  0.000000e+00  0.000000e+00  0.000000e+00  0.000000e+00  
-1.34386  8.533961e-01  0.000000e+00  0.000000e+00  0.000000e+00  0.000000e+00  0.000000e+00  
-1.34291  8.654504e-01  0.000000e+00  0.000000e+00  0.000000e+00  0.000000e+00  0.000000e+00  
-1.34196  8.763897e-01  0.000000e+00  0.000000e+00  0.000000e+00  0.000000e+00  0.000000e+00  
-1.34102  8.778235e-01  0.000000e+00  0.000000e+00  0.000000e+00  0.000000e+00  0.000000e+00  
-1.34008  8.886009e-01  0.000000e+00  0.000000e+00  0.000000e+00  0.000000e+00  0.000000e+00  
-1.33914  8.868444e-01  0.000000e+00  0.000000e+00  0.000000e+00  0.000000e+00  0.000000e+00  
-1.33821  8.763764e-01  0.000000e+00  0.000000e+00  0.000000e+00  0.000000e+00  0.000000e+00  
-1.33727  8.774069e-01  0.000000e+00  0.000000e+00  0.000000e+00  0.000000e+00  0.000000e+00  
-1.33634  8.847231e-01  0.000000e+00  0.000000e+00  0.000000e+00  0.000000e+00  0.000000e+00  
-1.33541  8.959857e-01  0.000000e+00  0.000000e+00  0.000000e+00  0.000000e+00  0.000000e+00  
-1.33448  9.009685e-01  0.000000e+00  0.000000e+00  0.000000e+00  0.000000e+00  0.000000e+00  
-1.33355  9.037477e-01  0.000000e+00  0.000000e+00  0.000000e+00  0.000000e+00  0.000000e+00  
-1.33263  9.135221e-01  0.000000e+00  0.000000e+00  0.000000e+00  0.000000e+00  0.000000e+00  
-1.3317  9.166676e-01  0.000000e+00  0.000000e+00  0.000000e+00  0.000000e+00  0.000000e+00  
-1.33078  9.296064e-01  0.000000e+00  0.000000e+00  0.000000e+00  0.000000e+00  0.000000e+00  
-1.32986  9.391602e-01  0.000000e+00  0.000000e+00  0.000000e+00  0.000000e+00  0.000000e+00  
-1.32895  9.429059e-01  0.000000e+00  0.000000e+00  0.000000e+00  0.000000e+00  0.000000e+00  
-1.32803  9.522460e-01  0.000000e+00  0.000000e+00  0.000000e+00  0.000000e+00  0.000000e+00  
-1.32712  9.522424e-01  0.000000e+00  0.000000e+00  0.000000e+00  0.000000e+00  0.000000e+00  
-1.32621  9.479867e-01  0.000000e+00  0.000000e+00  0.000000e+00  0.000000e+00  0.000000e+00  
-1.3253  9.391423e-01  0.000000e+00  0.000000e+00  0.000000e+00  0.000000e+00  0.000000e+00  
-1.32439  9.391388e-01  0.000000e+00  0.000000e+00  0.000000e+00  0.000000e+00  0.000000e+00  
-1.32348  9.415173e-01  0.000000e+00  0.000000e+00  0.000000e+00  0.000000e+00  0.000000e+00  
-1.32258  9.481452e-01  0.000000e+00  0.000000e+00  0.000000e+00  0.000000e+00  0.000000e+00  
-1.32168  9.522206e-01  0.000000e+00  0.000000e+00  0.000000e+00  0.000000e+00  0.000000e+00  
-1.32078  9.575673e-01  0.000000e+00  0.000000e+00  0.000000e+00  0.000000e+00  0.000000e+00  
-1.31988  9.654884e-01  0.000000e+00  0.000000e+00  0.000000e+00  0.000000e+00  0.000000e+00  
-1.31898  9.654847e-01  0.000000e+00  0.000000e+00  0.000000e+00  0.000000e+00  0.000000e+00  
-1.31809  9.714265e-01  0.000000e+00  0.000000e+00  0.000000e+00  0.000000e+00  0.000000e+00  
-1.3172  9.789373e-01  0.000000e+00  0.000000e+00  0.000000e+00  0.000000e+00  0.000000e+00  
-1.31631  9.821298e-01  0.000000e+00  0.000000e+00  0.000000e+00  0.000000e+00  0.000000e+00  
-1.31542  9.890381e-01  0.000000e+00  0.000000e+00  0.000000e+00  0.000000e+00  0.000000e+00  
-1.31453  9.994047e-01  0.000000e+00  0.000000e+00  0.000000e+00  0.000000e+00  0.000000e+00  
-1.31364  1.006407e+00  0.000000e+00  0.000000e+00  0.000000e+00  0.000000e+00  0.000000e+00  
-1.31276  1.006404e+00  0.000000e+00  0.000000e+00  0.000000e+00  0.000000e+00  0.000000e+00  
-1.31188  1.010137e+00  0.000000e+00  0.000000e+00  0.000000e+00  0.000000e+00  0.000000e+00  
-1.311  1.017239e+00  0.000000e+00  0.000000e+00  0.000000e+00  0.000000e+00  0.000000e+00  
-1.31012  1.020422e+00  0.000000e+00  0.000000e+00  0.000000e+00  0.000000e+00  0.000000e+00  
-1.30924  1.028547e+00  0.000000e+00  0.000000e+00  0.000000e+00  0.000000e+00  0.000000e+00  
-1.30837  1.034640e+00  0.000000e+00  0.000000e+00  0.000000e+00  0.000000e+00  0.000000e+00  
-1.3075  1.043258e+00  0.000000e+00  0.000000e+00  0.000000e+00  0.000000e+00  0.000000e+00  
-1.30663  1.057984e+00  0.000000e+00  0.000000e+00  0.000000e+00  0.000000e+00  0.000000e+00  
-1.30576  1.063678e+00  0.000000e+00  0.000000e+00  0.000000e+00  0.000000e+00  0.000000e+00  
-1.30489  1.073107e+00  0.000000e+00  0.000000e+00  0.000000e+00  0.000000e+00  0.000000e+00  
-1.30402  1.078499e+00  0.000000e+00  0.000000e+00  0.000000e+00  0.000000e+00  0.000000e+00  
-1.30316  1.078494e+00  0.000000e+00  0.000000e+00  0.000000e+00  0.000000e+00  0.000000e+00  
-1.3023  1.083572e+00  0.000000e+00  0.000000e+00  0.000000e+00  0.000000e+00  0.000000e+00  
-1.30144  1.096430e+00  0.000000e+00  0.000000e+00  0.000000e+00  0.000000e+00  0.000000e+00  
-1.30058  1.106483e+00  0.000000e+00  0.000000e+00  0.000000e+00  0.000000e+00  0.000000e+00  
-1.29972  1.108758e+00  0.000000e+00  0.000000e+00  0.000000e+00  0.000000e+00  0.000000e+00  
-1.29886  1.119999e+00  0.000000e+00  0.000000e+00  0.000000e+00  0.000000e+00  0.000000e+00  
-1.29801  1.124207e+00  0.000000e+00  0.000000e+00  0.000000e+00  0.000000e+00  0.000000e+00  
-1.29716  1.136008e+00  0.000000e+00  0.000000e+00  0.000000e+00  0.000000e+00  0.000000e+00  
-1.29631  1.152053e+00  0.000000e+00  0.000000e+00  0.000000e+00  0.000000e+00  0.000000e+00  
-1.29546  1.155758e+00  0.000000e+00  0.000000e+00  0.000000e+00  0.000000e+00  0.000000e+00  
-1.29461  1.168520e+00  0.000000e+00  0.000000e+00  0.000000e+00  0.000000e+00  0.000000e+00  
-1.29377  1.171862e+00  0.000000e+00  0.000000e+00  0.000000e+00  0.000000e+00  0.000000e+00  
-1.29292  1.171857e+00  0.000000e+00  0.000000e+00  0.000000e+00  0.000000e+00  0.000000e+00  
-1.29208  1.171853e+00  0.000000e+00  0.000000e+00  0.000000e+00  0.000000e+00  0.000000e+00  
-1.29124  1.171848e+00  0.000000e+00  0.000000e+00  0.000000e+00  0.000000e+00  0.000000e+00  
-1.2904  1.158032e+00  0.000000e+00  0.000000e+00  0.000000e+00  0.000000e+00  0.000000e+00  
-1.28956  1.162734e+00  0.000000e+00  0.000000e+00  0.000000e+00  0.000000e+00  0.000000e+00  
-1.28873  1.170892e+00  0.000000e+00  0.000000e+00  0.000000e+00  0.000000e+00  0.000000e+00  
-1.28789  1.171831e+00  0.000000e+00  0.000000e+00  0.000000e+00  0.000000e+00  0.000000e+00  
-1.28706  1.186672e+00  0.000000e+00  0.000000e+00  0.000000e+00  0.000000e+00  0.000000e+00  
-1.28623  1.188158e+00  0.000000e+00  0.000000e+00  0.000000e+00  0.000000e+00  0.000000e+00  
-1.2854  1.188154e+00  0.000000e+00  0.000000e+00  0.000000e+00  0.000000e+00  0.000000e+00  
-1.28457  1.203850e+00  0.000000e+00  0.000000e+00  0.000000e+00  0.000000e+00  0.000000e+00  
-1.28374  1.204709e+00  0.000000e+00  0.000000e+00  0.000000e+00  0.000000e+00  0.000000e+00  
-1.28292  1.212880e+00  0.000000e+00  0.000000e+00  0.000000e+00  0.000000e+00  0.000000e+00  
-1.2821  1.221377e+00  0.000000e+00  0.000000e+00  0.000000e+00  0.000000e+00  0.000000e+00  
-1.28127  1.238508e+00  0.000000e+00  0.000000e+00  0.000000e+00  0.000000e+00  0.000000e+00  
-1.28045  1.238514e+00  0.000000e+00  0.000000e+00  0.000000e+00  0.000000e+00  0.000000e+00  
-1.27964  1.238945e+00  0.000000e+00  0.000000e+00  0.000000e+00  0.000000e+00  0.000000e+00  
-1.27882  1.256522e+00  0.000000e+00  0.000000e+00  0.000000e+00  0.000000e+00  0.000000e+00  
-1.278  1.273273e+00  0.000000e+00  0.000000e+00  0.000000e+00  0.000000e+00  0.000000e+00  
-1.27719  1.274409e+00  0.000000e+00  0.000000e+00  0.000000e+00  0.000000e+00  0.000000e+00  
-1.27638  1.291015e+00  0.000000e+00  0.000000e+00  0.000000e+00  0.000000e+00  0.000000e+00  
-1.27557  1.292629e+00  0.000000e+00  0.000000e+00  0.000000e+00  0.000000e+00  0.000000e+00  
-1.27476  1.309003e+00  0.000000e+00  0.000000e+00  0.000000e+00  0.000000e+00  0.000000e+00  
-1.27395  1.310054e+00  0.000000e+00  0.000000e+00  0.000000e+00  0.000000e+00  0.000000e+00  
-1.27314  1.319296e+00  0.000000e+00  0.000000e+00  0.000000e+00  0.000000e+00  0.000000e+00  
-1.27234  1.327237e+00  0.000000e+00  0.000000e+00  0.000000e+00  0.000000e+00  0.000000e+00  
-1.27153  1.327232e+00  0.000000e+00  0.000000e+00  0.000000e+00  0.000000e+00  0.000000e+00  
-1.27073  1.324173e+00  0.000000e+00  0.000000e+00  0.000000e+00  0.000000e+00  0.000000e+00  
-1.26993  1.311688e+00  0.000000e+00  0.000000e+00  0.000000e+00  0.000000e+00  0.000000e+00  
-1.26913  1.326160e+00  0.000000e+00  0.000000e+00  0.000000e+00  0.000000e+00  0.000000e+00  
-1.26833  1.327238e+00  0.000000e+00  0.000000e+00  0.000000e+00  0.000000e+00  0.000000e+00  
-1.26754  1.290961e+00  0.000000e+00  0.000000e+00  0.000000e+00  0.000000e+00  0.000000e+00  
-1.26674  1.295147e+00  0.000000e+00  0.000000e+00  0.000000e+00  0.000000e+00  0.000000e+00  
-1.26595  1.308948e+00  0.000000e+00  0.000000e+00  0.000000e+00  0.000000e+00  0.000000e+00  
-1.26516  1.313668e+00  0.000000e+00  0.000000e+00  0.000000e+00  0.000000e+00  0.000000e+00  
-1.26437  1.332219e+00  0.000000e+00  0.000000e+00  0.000000e+00  0.000000e+00  0.000000e+00  
-1.26358  1.345684e+00  0.000000e+00  0.000000e+00  0.000000e+00  0.000000e+00  0.000000e+00  
-1.26279  1.351264e+00  0.000000e+00  0.000000e+00  0.000000e+00  0.000000e+00  0.000000e+00  
-1.26201  1.364434e+00  0.000000e+00  0.000000e+00  0.000000e+00  0.000000e+00  0.000000e+00  
-1.26122  1.370588e+00  0.000000e+00  0.000000e+00  0.000000e+00  0.000000e+00  0.000000e+00  
-1.26044  1.383445e+00  0.000000e+00  0.000000e+00  0.000000e+00  0.000000e+00  0.000000e+00  
-1.25966  1.386811e+00  0.000000e+00  0.000000e+00  0.000000e+00  0.000000e+00  0.000000e+00  
-1.25888  1.400119e+00  0.000000e+00  0.000000e+00  0.000000e+00  0.000000e+00  0.000000e+00  
-1.2581  1.416163e+00  0.000000e+00  0.000000e+00  0.000000e+00  0.000000e+00  0.000000e+00  
-1.25732  1.422266e+00  0.000000e+00  0.000000e+00  0.000000e+00  0.000000e+00  0.000000e+00  
-1.25654  1.430237e+00  0.000000e+00  0.000000e+00  0.000000e+00  0.000000e+00  0.000000e+00  
-1.25577  1.442083e+00  0.000000e+00  0.000000e+00  0.000000e+00  0.000000e+00  0.000000e+00  
-1.255  1.442078e+00  0.000000e+00  0.000000e+00  0.000000e+00  0.000000e+00  0.000000e+00  
-1.25422  1.450922e+00  0.000000e+00  0.000000e+00  0.000000e+00  0.000000e+00  0.000000e+00  
-1.25345  1.462171e+00  0.000000e+00  0.000000e+00  0.000000e+00  0.000000e+00  0.000000e+00  
-1.25268  1.466925e+00  0.000000e+00  0.000000e+00  0.000000e+00  0.000000e+00  0.000000e+00  
-1.25192  1.477237e+00  0.000000e+00  0.000000e+00  0.000000e+00  0.000000e+00  0.000000e+00  
-1.25115  1.482539e+00  0.000000e+00  0.000000e+00  0.000000e+00  0.000000e+00  0.000000e+00  
-1.25038  1.482533e+00  0.000000e+00  0.000000e+00  0.000000e+00  0.000000e+00  0.000000e+00  
-1.24962  1.482527e+00  0.000000e+00  0.000000e+00  0.000000e+00  0.000000e+00  0.000000e+00  
-1.24886  1.471692e+00  0.000000e+00  0.000000e+00  0.000000e+00  0.000000e+00  0.000000e+00  
-1.2481  1.462132e+00  0.000000e+00  0.000000e+00  0.000000e+00  0.000000e+00  0.000000e+00  
-1.24734  1.473490e+00  0.000000e+00  0.000000e+00  0.000000e+00  0.000000e+00  0.000000e+00  
-1.24658  1.482505e+00  0.000000e+00  0.000000e+00  0.000000e+00  0.000000e+00  0.000000e+00  
-1.24582  1.494552e+00  0.000000e+00  0.000000e+00  0.000000e+00  0.000000e+00  0.000000e+00  
-1.24507  1.515645e+00  0.000000e+00  0.000000e+00  0.000000e+00  0.000000e+00  0.000000e+00  
-1.24431  1.524111e+00  0.000000e+00  0.000000e+00  0.000000e+00  0.000000e+00  0.000000e+00  
-1.24356  1.537318e+00  0.000000e+00  0.000000e+00  0.000000e+00  0.000000e+00  0.000000e+00  
-1.24281  1.545348e+00  0.000000e+00  0.000000e+00  0.000000e+00  0.000000e+00  0.000000e+00  
-1.24205  1.559293e+00  0.000000e+00  0.000000e+00  0.000000e+00  0.000000e+00  0.000000e+00  
-1.24131  1.566880e+00  0.000000e+00  0.000000e+00  0.000000e+00  0.000000e+00  0.000000e+00  
-1.24056  1.559610e+00  0.000000e+00  0.000000e+00  0.000000e+00  0.000000e+00  0.000000e+00  
-1.23981  1.571061e+00  0.000000e+00  0.000000e+00  0.000000e+00  0.000000e+00  0.000000e+00  
-1.23907  1.593418e+00  0.000000e+00  0.000000e+00  0.000000e+00  0.000000e+00  0.000000e+00  
-1.23832  1.561065e+00  0.000000e+00  0.000000e+00  0.000000e+00  0.000000e+00  0.000000e+00  
-1.23758  1.545307e+00  0.000000e+00  0.000000e+00  0.000000e+00  0.000000e+00  0.000000e+00  
-1.23684  1.561224e+00  0.000000e+00  0.000000e+00  0.000000e+00  0.000000e+00  0.000000e+00  
-1.2361  1.566838e+00  0.000000e+00  0.000000e+00  0.000000e+00  0.000000e+00  0.000000e+00  
-1.23536  1.566832e+00  0.000000e+00  0.000000e+00  0.000000e+00  0.000000e+00  0.000000e+00  
-1.23462  1.583803e+00  0.000000e+00  0.000000e+00  0.000000e+00  0.000000e+00  0.000000e+00  
-1.23388  1.588663e+00  0.000000e+00  0.000000e+00  0.000000e+00  0.000000e+00  0.000000e+00  
-1.23315  1.597558e+00  0.000000e+00  0.000000e+00  0.000000e+00  0.000000e+00  0.000000e+00  
-1.23241  1.608774e+00  0.000000e+00  0.000000e+00  0.000000e+00  0.000000e+00  0.000000e+00  
-1.23168  1.629424e+00  0.000000e+00  0.000000e+00  0.000000e+00  0.000000e+00  0.000000e+00  
-1.23095  1.633243e+00  0.000000e+00  0.000000e+00  0.000000e+00  0.000000e+00  0.000000e+00  
-1.23022  1.633237e+00  0.000000e+00  0.000000e+00  0.000000e+00  0.000000e+00  0.000000e+00  
-1.22949  1.663174e+00  0.000000e+00  0.000000e+00  0.000000e+00  0.000000e+00  0.000000e+00  
-1.22876  1.698352e+00  0.000000e+00  0.000000e+00  0.000000e+00  0.000000e+00  0.000000e+00  
-1.22803  1.702482e+00  0.000000e+00  0.000000e+00  0.000000e+00  0.000000e+00  0.000000e+00  
-1.22731  1.723999e+00  0.000000e+00  0.000000e+00  0.000000e+00  0.000000e+00  0.000000e+00  
-1.22658  1.726204e+00  0.000000e+00  0.000000e+00  0.000000e+00  0.000000e+00  0.000000e+00  
-1.22586  1.726197e+00  0.000000e+00  0.000000e+00  0.000000e+00  0.000000e+00  0.000000e+00  
-1.22514  1.748954e+00  0.000000e+00  0.000000e+00  0.000000e+00  0.000000e+00  0.000000e+00  
-1.22442  1.750249e+00  0.000000e+00  0.000000e+00  0.000000e+00  0.000000e+00  0.000000e+00  
-1.2237  1.762097e+00  0.000000e+00  0.000000e+00  0.000000e+00  0.000000e+00  0.000000e+00  
-1.22298  1.774453e+00  0.000000e+00  0.000000e+00  0.000000e+00  0.000000e+00  0.000000e+00  
-1.22226  1.774630e+00  0.000000e+00  0.000000e+00  0.000000e+00  0.000000e+00  0.000000e+00  
-1.22155  1.750223e+00  0.000000e+00  0.000000e+00  0.000000e+00  0.000000e+00  0.000000e+00  
-1.22083  1.750216e+00  0.000000e+00  0.000000e+00  0.000000e+00  0.000000e+00  0.000000e+00  
-1.22012  1.750655e+00  0.000000e+00  0.000000e+00  0.000000e+00  0.000000e+00  0.000000e+00  
-1.21941  1.763011e+00  0.000000e+00  0.000000e+00  0.000000e+00  0.000000e+00  0.000000e+00  
-1.21869  1.774596e+00  0.000000e+00  0.000000e+00  0.000000e+00  0.000000e+00  0.000000e+00  
-1.21798  1.774589e+00  0.000000e+00  0.000000e+00  0.000000e+00  0.000000e+00  0.000000e+00  
-1.21728  1.776782e+00  0.000000e+00  0.000000e+00  0.000000e+00  0.000000e+00  0.000000e+00  
-1.21657  1.799315e+00  0.000000e+00  0.000000e+00  0.000000e+00  0.000000e+00  0.000000e+00  
-1.21586  1.799309e+00  0.000000e+00  0.000000e+00  0.000000e+00  0.000000e+00  0.000000e+00  
-1.21516  1.799302e+00  0.000000e+00  0.000000e+00  0.000000e+00  0.000000e+00  0.000000e+00  
-1.21445  1.802820e+00  0.000000e+00  0.000000e+00  0.000000e+00  0.000000e+00  0.000000e+00  
-1.21375  1.824372e+00  0.000000e+00  0.000000e+00  0.000000e+00  0.000000e+00  0.000000e+00  
-1.21305  1.826480e+00  0.000000e+00  0.000000e+00  0.000000e+00  0.000000e+00  0.000000e+00  
-1.21234  1.839360e+00  0.000000e+00  0.000000e+00  0.000000e+00  0.000000e+00  0.000000e+00  
-1.21164  1.844880e+00  0.000000e+00  0.000000e+00  0.000000e+00  0.000000e+00  0.000000e+00  
-1.21095  1.824344e+00  0.000000e+00  0.000000e+00  0.000000e+00  0.000000e+00  0.000000e+00  
-1.21025  1.824337e+00  0.000000e+00  0.000000e+00  0.000000e+00  0.000000e+00  0.000000e+00  
-1.20955  1.830210e+00  0.000000e+00  0.000000e+00  0.000000e+00  0.000000e+00  0.000000e+00  
-1.20886  1.849757e+00  0.000000e+00  0.000000e+00  0.000000e+00  0.000000e+00  0.000000e+00  
-1.20816  1.856375e+00  0.000000e+00  0.000000e+00  0.000000e+00  0.000000e+00  0.000000e+00  
-1.20747  1.882598e+00  0.000000e+00  0.000000e+00  0.000000e+00  0.000000e+00  0.000000e+00  
-1.20678  1.901670e+00  0.000000e+00  0.000000e+00  0.000000e+00  0.000000e+00  0.000000e+00  
-1.20609  1.909512e+00  0.000000e+00  0.000000e+00  0.000000e+00  0.000000e+00  0.000000e+00  
-1.2054  1.928167e+00  0.000000e+00  0.000000e+00  0.000000e+00  0.000000e+00  0.000000e+00  
-1.20471  1.928160e+00  0.000000e+00  0.000000e+00  0.000000e+00  0.000000e+00  0.000000e+00  
-1.20402  1.923710e+00  0.000000e+00  0.000000e+00  0.000000e+00  0.000000e+00  0.000000e+00  
-1.20333  1.921403e+00  0.000000e+00  0.000000e+00  0.000000e+00  0.000000e+00  0.000000e+00  
-1.20265  1.941404e+00  0.000000e+00  0.000000e+00  0.000000e+00  0.000000e+00  0.000000e+00  
-1.20196  1.958735e+00  0.000000e+00  0.000000e+00  0.000000e+00  0.000000e+00  0.000000e+00  
-1.20128  1.940237e+00  0.000000e+00  0.000000e+00  0.000000e+00  0.000000e+00  0.000000e+00  
-1.2006  1.901605e+00  0.000000e+00  0.000000e+00  0.000000e+00  0.000000e+00  0.000000e+00  
-1.19992  1.901598e+00  0.000000e+00  0.000000e+00  0.000000e+00  0.000000e+00  0.000000e+00  
-1.19924  1.912879e+00  0.000000e+00  0.000000e+00  0.000000e+00  0.000000e+00  0.000000e+00  
-1.19856  1.928094e+00  0.000000e+00  0.000000e+00  0.000000e+00  0.000000e+00  0.000000e+00  
-1.19788  1.928087e+00  0.000000e+00  0.000000e+00  0.000000e+00  0.000000e+00  0.000000e+00  
-1.1972  1.928079e+00  0.000000e+00  0.000000e+00  0.000000e+00  0.000000e+00  0.000000e+00  
-1.19653  1.940931e+00  0.000000e+00  0.000000e+00  0.000000e+00  0.000000e+00  0.000000e+00  
-1.19585  1.954944e+00  0.000000e+00  0.000000e+00  0.000000e+00  0.000000e+00  0.000000e+00  
-1.19518  1.954937e+00  0.000000e+00  0.000000e+00  0.000000e+00  0.000000e+00  0.000000e+00  
-1.19451  1.969005e+00  0.000000e+00  0.000000e+00  0.000000e+00  0.000000e+00  0.000000e+00  
-1.19383  2.004240e+00  0.000000e+00  0.000000e+00  0.000000e+00  0.000000e+00  0.000000e+00  
-1.19316  2.031414e+00  0.000000e+00  0.000000e+00  0.000000e+00  0.000000e+00  0.000000e+00  
-1.19249  2.037814e+00  0.000000e+00  0.000000e+00  0.000000e+00  0.000000e+00  0.000000e+00  
-1.19182  2.053953e+00  0.000000e+00  0.000000e+00  0.000000e+00  0.000000e+00  0.000000e+00  
-1.19116  2.066208e+00  0.000000e+00  0.000000e+00  0.000000e+00  0.000000e+00  0.000000e+00  
-1.19049  2.066200e+00  0.000000e+00  0.000000e+00  0.000000e+00  0.000000e+00  0.000000e+00  
-1.18982  2.083690e+00  0.000000e+00  0.000000e+00  0.000000e+00  0.000000e+00  0.000000e+00  
-1.18916  2.094989e+00  0.000000e+00  0.000000e+00  0.000000e+00  0.000000e+00  0.000000e+00  
-1.1885  2.104228e+00  0.000000e+00  0.000000e+00  0.000000e+00  0.000000e+00  0.000000e+00  
-1.18783  2.119023e+00  0.000000e+00  0.000000e+00  0.000000e+00  0.000000e+00  0.000000e+00  
-1.18717  2.124171e+00  0.000000e+00  0.000000e+00  0.000000e+00  0.000000e+00  0.000000e+00  
-1.18651  2.134128e+00  0.000000e+00  0.000000e+00  0.000000e+00  0.000000e+00  0.000000e+00  
-1.18585  2.139102e+00  0.000000e+00  0.000000e+00  0.000000e+00  0.000000e+00  0.000000e+00  
-1.18519  2.153084e+00  0.000000e+00  0.000000e+00  0.000000e+00  0.000000e+00  0.000000e+00  
-1.18454  2.134239e+00  0.000000e+00  0.000000e+00  0.000000e+00  0.000000e+00  0.000000e+00  
-1.18388  2.124131e+00  0.000000e+00  0.000000e+00  0.000000e+00  0.000000e+00  0.000000e+00  
-1.18323  2.124123e+00  0.000000e+00  0.000000e+00  0.000000e+00  0.000000e+00  0.000000e+00  
-1.18257  2.146339e+00  0.000000e+00  0.000000e+00  0.000000e+00  0.000000e+00  0.000000e+00  
-1.18192  2.153719e+00  0.000000e+00  0.000000e+00  0.000000e+00  0.000000e+00  0.000000e+00  
-1.18126  2.153711e+00  0.000000e+00  0.000000e+00  0.000000e+00  0.000000e+00  0.000000e+00  
-1.18061  2.153703e+00  0.000000e+00  0.000000e+00  0.000000e+00  0.000000e+00  0.000000e+00  
-1.17996  2.177773e+00  0.000000e+00  0.000000e+00  0.000000e+00  0.000000e+00  0.000000e+00  
-1.17931  2.183712e+00  0.000000e+00  0.000000e+00  0.000000e+00  0.000000e+00  0.000000e+00  
-1.17866  2.208900e+00  0.000000e+00  0.000000e+00  0.000000e+00  0.000000e+00  0.000000e+00  
-1.17802  2.214138e+00  0.000000e+00  0.000000e+00  0.000000e+00  0.000000e+00  0.000000e+00  
-1.17737  2.214130e+00  0.000000e+00  0.000000e+00  0.000000e+00  0.000000e+00  0.000000e+00  
-1.17672  2.214122e+00  0.000000e+00  0.000000e+00  0.000000e+00  0.000000e+00  0.000000e+00  
-1.17608  2.227695e+00  0.000000e+00  0.000000e+00  0.000000e+00  0.000000e+00  0.000000e+00  
-1.17544  2.243313e+00  0.000000e+00  0.000000e+00  0.000000e+00  0.000000e+00  0.000000e+00  
-1.17479  2.244963e+00  0.000000e+00  0.000000e+00  0.000000e+00  0.000000e+00  0.000000e+00  
-1.17415  2.244955e+00  0.000000e+00  0.000000e+00  0.000000e+00  0.000000e+00  0.000000e+00  
-1.17351  2.274102e+00  0.000000e+00  0.000000e+00  0.000000e+00  0.000000e+00  0.000000e+00  
-1.17287  2.276235e+00  0.000000e+00  0.000000e+00  0.000000e+00  0.000000e+00  0.000000e+00  
-1.17223  2.276226e+00  0.000000e+00  0.000000e+00  0.000000e+00  0.000000e+00  0.000000e+00  
-1.17159  2.276218e+00  0.000000e+00  0.000000e+00  0.000000e+00  0.000000e+00  0.000000e+00  
-1.17096  2.307404e+00  0.000000e+00  0.000000e+00  0.000000e+00  0.000000e+00  0.000000e+00  
-1.17032  2.307933e+00  0.000000e+00  0.000000e+00  0.000000e+00  0.000000e+00  0.000000e+00  
-1.16968  2.307925e+00  0.000000e+00  0.000000e+00  0.000000e+00  0.000000e+00  0.000000e+00  
-1.16905  2.307916e+00  0.000000e+00  0.000000e+00  0.000000e+00  0.000000e+00  0.000000e+00  
-1.16842  2.307907e+00  0.000000e+00  0.000000e+00  0.000000e+00  0.000000e+00  0.000000e+00  
-1.16778  2.307898e+00  0.000000e+00  0.000000e+00  0.000000e+00  0.000000e+00  0.000000e+00  
-1.16715  2.307890e+00  0.000000e+00  0.000000e+00  0.000000e+00  0.000000e+00  0.000000e+00  
-1.16652  2.310281e+00  0.000000e+00  0.000000e+00  0.000000e+00  0.000000e+00  0.000000e+00  
-1.16589  2.340047e+00  0.000000e+00  0.000000e+00  0.000000e+00  0.000000e+00  0.000000e+00  
-1.16526  2.340038e+00  0.000000e+00  0.000000e+00  0.000000e+00  0.000000e+00  0.000000e+00  
-1.16463  2.343708e+00  0.000000e+00  0.000000e+00  0.000000e+00  0.000000e+00  0.000000e+00  
-1.16401  2.372643e+00  0.000000e+00  0.000000e+00  0.000000e+00  0.000000e+00  0.000000e+00  
-1.16338  2.374939e+00  0.000000e+00  0.000000e+00  0.000000e+00  0.000000e+00  0.000000e+00  
-1.16276  2.391676e+00  0.000000e+00  0.000000e+00  0.000000e+00  0.000000e+00  0.000000e+00  
-1.16213  2.405693e+00  0.000000e+00  0.000000e+00  0.000000e+00  0.000000e+00  0.000000e+00  
-1.16151  2.408663e+00  0.000000e+00  0.000000e+00  0.000000e+00  0.000000e+00  0.000000e+00  
-1.16089  2.428895e+00  0.000000e+00  0.000000e+00  0.000000e+00  0.000000e+00  0.000000e+00  
-1.16026  2.459678e+00  0.000000e+00  0.000000e+00  0.000000e+00  0.000000e+00  0.000000e+00  
-1.15964  2.473199e+00  0.000000e+00  0.000000e+00  0.000000e+00  0.000000e+00  0.000000e+00  
-1.15902  2.473190e+00  0.000000e+00  0.000000e+00  0.000000e+00  0.000000e+00  0.000000e+00  
-1.1584  2.481543e+00  0.000000e+00  0.000000e+00  0.000000e+00  0.000000e+00  0.000000e+00  
-1.15779  2.507650e+00  0.000000e+00  0.000000e+00  0.000000e+00  0.000000e+00  0.000000e+00  
-1.15717  2.507640e+00  0.000000e+00  0.000000e+00  0.000000e+00  0.000000e+00  0.000000e+00  
-1.15655  2.507631e+00  0.000000e+00  0.000000e+00  0.000000e+00  0.000000e+00  0.000000e+00  
-1.15594  2.517926e+00  0.000000e+00  0.000000e+00  0.000000e+00  0.000000e+00  0.000000e+00  
-1.15532  2.542571e+00  0.000000e+00  0.000000e+00  0.000000e+00  0.000000e+00  0.000000e+00  
-1.15471  2.553933e+00  0.000000e+00  0.000000e+00  0.000000e+00  0.000000e+00  0.000000e+00  
-1.15409  2.577998e+00  0.000000e+00  0.000000e+00  0.000000e+00  0.000000e+00  0.000000e+00  
-1.15348  2.577988e+00  0.000000e+00  0.000000e+00  0.000000e+00  0.000000e+00  0.000000e+00  
-1.15287  2.565232e+00  0.000000e+00  0.000000e+00  0.000000e+00  0.000000e+00  0.000000e+00  
-1.15226  2.549121e+00  0.000000e+00  0.000000e+00  0.000000e+00  0.000000e+00  0.000000e+00  
-1.15165  2.567079e+00  0.000000e+00  0.000000e+00  0.000000e+00  0.000000e+00  0.000000e+00  
-1.15104  2.577949e+00  0.000000e+00  0.000000e+00  0.000000e+00  0.000000e+00  0.000000e+00  
-1.15044  2.577939e+00  0.000000e+00  0.000000e+00  0.000000e+00  0.000000e+00  0.000000e+00  
-1.14983  2.593182e+00  0.000000e+00  0.000000e+00  0.000000e+00  0.000000e+00  0.000000e+00  
-1.14922  2.613859e+00  0.000000e+00  0.000000e+00  0.000000e+00  0.000000e+00  0.000000e+00  
-1.14862  2.613849e+00  0.000000e+00  0.000000e+00  0.000000e+00  0.000000e+00  0.000000e+00  
-1.14801  2.613839e+00  0.000000e+00  0.000000e+00  0.000000e+00  0.000000e+00  0.000000e+00  
-1.14741  2.631204e+00  0.000000e+00  0.000000e+00  0.000000e+00  0.000000e+00  0.000000e+00  
-1.14681  2.650259e+00  0.000000e+00  0.000000e+00  0.000000e+00  0.000000e+00  0.000000e+00  
-1.1462  2.668800e+00  0.000000e+00  0.000000e+00  0.000000e+00  0.000000e+00  0.000000e+00  
-1.1456  2.687186e+00  0.000000e+00  0.000000e+00  0.000000e+00  0.000000e+00  0.000000e+00  
-1.145  2.687176e+00  0.000000e+00  0.000000e+00  0.000000e+00  0.000000e+00  0.000000e+00  
-1.1444  2.687166e+00  0.000000e+00  0.000000e+00  0.000000e+00  0.000000e+00  0.000000e+00  
-1.14381  2.666668e+00  0.000000e+00  0.000000e+00  0.000000e+00  0.000000e+00  0.000000e+00  
-1.14321  2.650198e+00  0.000000e+00  0.000000e+00  0.000000e+00  0.000000e+00  0.000000e+00  
-1.14261  2.650188e+00  0.000000e+00  0.000000e+00  0.000000e+00  0.000000e+00  0.000000e+00  
-1.14201  2.672093e+00  0.000000e+00  0.000000e+00  0.000000e+00  0.000000e+00  0.000000e+00  
-1.14142  2.687115e+00  0.000000e+00  0.000000e+00  0.000000e+00  0.000000e+00  0.000000e+00  
-1.14082  2.687104e+00  0.000000e+00  0.000000e+00  0.000000e+00  0.000000e+00  0.000000e+00  
-1.14023  2.687094e+00  0.000000e+00  0.000000e+00  0.000000e+00  0.000000e+00  0.000000e+00  
-1.13964  2.711256e+00  0.000000e+00  0.000000e+00  0.000000e+00  0.000000e+00  0.000000e+00  
-1.13905  2.724535e+00  0.000000e+00  0.000000e+00  0.000000e+00  0.000000e+00  0.000000e+00  
-1.13845  2.724524e+00  0.000000e+00  0.000000e+00  0.000000e+00  0.000000e+00  0.000000e+00  
-1.13786  2.763648e+00  0.000000e+00  0.000000e+00  0.000000e+00  0.000000e+00  0.000000e+00  
-1.13727  2.808763e+00  0.000000e+00  0.000000e+00  0.000000e+00  0.000000e+00  0.000000e+00  
-1.13669  2.834364e+00  0.000000e+00  0.000000e+00  0.000000e+00  0.000000e+00  0.000000e+00  
-1.1361  2.840027e+00  0.000000e+00  0.000000e+00  0.000000e+00  0.000000e+00  0.000000e+00  
-1.13551  2.840016e+00  0.000000e+00  0.000000e+00  0.000000e+00  0.000000e+00  0.000000e+00  
-1.13492  2.869671e+00  0.000000e+00  0.000000e+00  0.000000e+00  0.000000e+00  0.000000e+00  
-1.13434  2.879587e+00  0.000000e+00  0.000000e+00  0.000000e+00  0.000000e+00  0.000000e+00  
-1.13375  2.879576e+00  0.000000e+00  0.000000e+00  0.000000e+00  0.000000e+00  0.000000e+00  
-1.13317  2.879565e+00  0.000000e+00  0.000000e+00  0.000000e+00  0.000000e+00  0.000000e+00  
-1.13259  2.911701e+00  0.000000e+00  0.000000e+00  0.000000e+00  0.000000e+00  0.000000e+00  
-1.132  2.919688e+00  0.000000e+00  0.000000e+00  0.000000e+00  0.000000e+00  0.000000e+00  
-1.13142  2.919677e+00  0.000000e+00  0.000000e+00  0.000000e+00  0.000000e+00  0.000000e+00  
-1.13084  2.919666e+00  0.000000e+00  0.000000e+00  0.000000e+00  0.000000e+00  0.000000e+00  
-1.13026  2.919655e+00  0.000000e+00  0.000000e+00  0.000000e+00  0.000000e+00  0.000000e+00  
-1.12968  2.919643e+00  0.000000e+00  0.000000e+00  0.000000e+00  0.000000e+00  0.000000e+00  
-1.1291  2.937504e+00  0.000000e+00  0.000000e+00  0.000000e+00  0.000000e+00  0.000000e+00  
-1.12853  2.958114e+00  0.000000e+00  0.000000e+00  0.000000e+00  0.000000e+00  0.000000e+00  
-1.12795  2.960313e+00  0.000000e+00  0.000000e+00  0.000000e+00  0.000000e+00  0.000000e+00  
-1.12737  2.960302e+00  0.000000e+00  0.000000e+00  0.000000e+00  0.000000e+00  0.000000e+00  
-1.1268  2.998694e+00  0.000000e+00  0.000000e+00  0.000000e+00  0.000000e+00  0.000000e+00  
-1.12622  3.001549e+00  0.000000e+00  0.000000e+00  0.000000e+00  0.000000e+00  0.000000e+00  
-1.12565  3.001538e+00  0.000000e+00  0.000000e+00  0.000000e+00  0.000000e+00  0.000000e+00  
-1.12507  3.001526e+00  0.000000e+00  0.000000e+00  0.000000e+00  0.000000e+00  0.000000e+00  
-1.1245  3.042608e+00  0.000000e+00  0.000000e+00  0.000000e+00  0.000000e+00  0.000000e+00  
-1.12393  3.043348e+00  0.000000e+00  0.000000e+00  0.000000e+00  0.000000e+00  0.000000e+00  
-1.12336  3.043336e+00  0.000000e+00  0.000000e+00  0.000000e+00  0.000000e+00  0.000000e+00  
-1.12279  3.043325e+00  0.000000e+00  0.000000e+00  0.000000e+00  0.000000e+00  0.000000e+00  
-1.12222  3.043313e+00  0.000000e+00  0.000000e+00  0.000000e+00  0.000000e+00  0.000000e+00  
-1.12165  3.043302e+00  0.000000e+00  0.000000e+00  0.000000e+00  0.000000e+00  0.000000e+00  
-1.12108  3.043290e+00  0.000000e+00  0.000000e+00  0.000000e+00  0.000000e+00  0.000000e+00  
-1.12051  3.043279e+00  0.000000e+00  0.000000e+00  0.000000e+00  0.000000e+00  0.000000e+00  
-1.11995  3.043267e+00  0.000000e+00  0.000000e+00  0.000000e+00  0.000000e+00  0.000000e+00  
-1.11938  3.043256e+00  0.000000e+00  0.000000e+00  0.000000e+00  0.000000e+00  0.000000e+00  
-1.11882  3.047987e+00  0.000000e+00  0.000000e+00  0.000000e+00  0.000000e+00  0.000000e+00  
-1.11825  3.085659e+00  0.000000e+00  0.000000e+00  0.000000e+00  0.000000e+00  0.000000e+00  
-1.11769  3.085647e+00  0.000000e+00  0.000000e+00  0.000000e+00  0.000000e+00  0.000000e+00  
-1.11713  3.085635e+00  0.000000e+00  0.000000e+00  0.000000e+00  0.000000e+00  0.000000e+00  
-1.11656  3.092648e+00  0.000000e+00  0.000000e+00  0.000000e+00  0.000000e+00  0.000000e+00  
-1.116  3.132482e+00  0.000000e+00  0.000000e+00  0.000000e+00  0.000000e+00  0.000000e+00  
-1.11544  3.163003e+00  0.000000e+00  0.000000e+00  0.000000e+00  0.000000e+00  0.000000e+00  
-1.11488  3.225688e+00  0.000000e+00  0.000000e+00  0.000000e+00  0.000000e+00  0.000000e+00  
-1.11432  3.261275e+00  0.000000e+00  0.000000e+00  0.000000e+00  0.000000e+00  0.000000e+00  
-1.11376  3.261263e+00  0.000000e+00  0.000000e+00  0.000000e+00  0.000000e+00  0.000000e+00  
-1.11321  3.272234e+00  0.000000e+00  0.000000e+00  0.000000e+00  0.000000e+00  0.000000e+00  
-1.11265  3.306703e+00  0.000000e+00  0.000000e+00  0.000000e+00  0.000000e+00  0.000000e+00  
-1.11209  3.306691e+00  0.000000e+00  0.000000e+00  0.000000e+00  0.000000e+00  0.000000e+00  
-1.11154  3.306678e+00  0.000000e+00  0.000000e+00  0.000000e+00  0.000000e+00  0.000000e+00  
-1.11098  3.320176e+00  0.000000e+00  0.000000e+00  0.000000e+00  0.000000e+00  0.000000e+00  
-1.11043  3.352752e+00  0.000000e+00  0.000000e+00  0.000000e+00  0.000000e+00  0.000000e+00  
-1.10987  3.338010e+00  0.000000e+00  0.000000e+00  0.000000e+00  0.000000e+00  0.000000e+00  
-1.10932  3.299076e+00  0.000000e+00  0.000000e+00  0.000000e+00  0.000000e+00  0.000000e+00  
-1.10877  3.276035e+00  0.000000e+00  0.000000e+00  0.000000e+00  0.000000e+00  0.000000e+00  
-1.10822  3.269276e+00  0.000000e+00  0.000000e+00  0.000000e+00  0.000000e+00  0.000000e+00  
-1.10767  3.300859e+00  0.000000e+00  0.000000e+00  0.000000e+00  0.000000e+00  0.000000e+00  
-1.10712  3.338485e+00  0.000000e+00  0.000000e+00  0.000000e+00  0.000000e+00  0.000000e+00  
-1.10657  3.352663e+00  0.000000e+00  0.000000e+00  0.000000e+00  0.000000e+00  0.000000e+00  
-1.10602  3.352650e+00  0.000000e+00  0.000000e+00  0.000000e+00  0.000000e+00  0.000000e+00  
-1.10547  3.372401e+00  0.000000e+00  0.000000e+00  0.000000e+00  0.000000e+00  0.000000e+00  
-1.10492  3.399364e+00  0.000000e+00  0.000000e+00  0.000000e+00  0.000000e+00  0.000000e+00  
-1.10438  3.399351e+00  0.000000e+00  0.000000e+00  0.000000e+00  0.000000e+00  0.000000e+00  
-1.10383  3.399338e+00  0.000000e+00  0.000000e+00  0.000000e+00  0.000000e+00  0.000000e+00  
-1.10329  3.421856e+00  0.000000e+00  0.000000e+00  0.000000e+00  0.000000e+00  0.000000e+00  
-1.10274  3.446703e+00  0.000000e+00  0.000000e+00  0.000000e+00  0.000000e+00  0.000000e+00  
-1.1022  3.446690e+00  0.000000e+00  0.000000e+00  0.000000e+00  0.000000e+00  0.000000e+00  
-1.10165  3.446677e+00  0.000000e+00  0.000000e+00  0.000000e+00  0.000000e+00  0.000000e+00  
-1.10111  3.421695e+00  0.000000e+00  0.000000e+00  0.000000e+00  0.000000e+00  0.000000e+00  
-1.10057  3.412049e+00  0.000000e+00  0.000000e+00  0.000000e+00  0.000000e+00  0.000000e+00  
-1.10003  3.436037e+00  0.000000e+00  0.000000e+00  0.000000e+00  0.000000e+00  0.000000e+00  
-1.09949  3.446624e+00  0.000000e+00  0.000000e+00  0.000000e+00  0.000000e+00  0.000000e+00  
-1.09895  3.446611e+00  0.000000e+00  0.000000e+00  0.000000e+00  0.000000e+00  0.000000e+00  
-1.09841  3.475052e+00  0.000000e+00  0.000000e+00  0.000000e+00  0.000000e+00  0.000000e+00  
-1.09787  3.494634e+00  0.000000e+00  0.000000e+00  0.000000e+00  0.000000e+00  0.000000e+00  
-1.09733  3.494621e+00  0.000000e+00  0.000000e+00  0.000000e+00  0.000000e+00  0.000000e+00  
-1.0968  3.494608e+00  0.000000e+00  0.000000e+00  0.000000e+00  0.000000e+00  0.000000e+00  
-1.09626  3.525933e+00  0.000000e+00  0.000000e+00  0.000000e+00  0.000000e+00  0.000000e+00  
-1.09572  3.543300e+00  0.000000e+00  0.000000e+00  0.000000e+00  0.000000e+00  0.000000e+00  
-1.09519  3.543286e+00  0.000000e+00  0.000000e+00  0.000000e+00  0.000000e+00  0.000000e+00  
-1.09465  3.560135e+00  0.000000e+00  0.000000e+00  0.000000e+00  0.000000e+00  0.000000e+00  
-1.09412  3.602532e+00  0.000000e+00  0.000000e+00  0.000000e+00  0.000000e+00  0.000000e+00  
-1.09359  3.635420e+00  0.000000e+00  0.000000e+00  0.000000e+00  0.000000e+00  0.000000e+00  
-1.09306  3.642715e+00  0.000000e+00  0.000000e+00  0.000000e+00  0.000000e+00  0.000000e+00  
-1.09252  3.642701e+00  0.000000e+00  0.000000e+00  0.000000e+00  0.000000e+00  0.000000e+00  
-1.09199  3.680650e+00  0.000000e+00  0.000000e+00  0.000000e+00  0.000000e+00  0.000000e+00  
-1.09146  3.693457e+00  0.000000e+00  0.000000e+00  0.000000e+00  0.000000e+00  0.000000e+00  
-1.09093  3.693443e+00  0.000000e+00  0.000000e+00  0.000000e+00  0.000000e+00  0.000000e+00  
-1.0904  3.693429e+00  0.000000e+00  0.000000e+00  0.000000e+00  0.000000e+00  0.000000e+00  
-1.08987  3.734555e+00  0.000000e+00  0.000000e+00  0.000000e+00  0.000000e+00  0.000000e+00  
-1.08935  3.744891e+00  0.000000e+00  0.000000e+00  0.000000e+00  0.000000e+00  0.000000e+00  
-1.08882  3.744877e+00  0.000000e+00  0.000000e+00  0.000000e+00  0.000000e+00  0.000000e+00  
-1.08829  3.701710e+00  0.000000e+00  0.000000e+00  0.000000e+00  0.000000e+00  0.000000e+00  
-1.08777  3.693359e+00  0.000000e+00  0.000000e+00  0.000000e+00  0.000000e+00  0.000000e+00  
-1.08724  3.693345e+00  0.000000e+00  0.000000e+00  0.000000e+00  0.000000e+00  0.000000e+00  
-1.08672  3.715910e+00  0.000000e+00  0.000000e+00  0.000000e+00  0.000000e+00  0.000000e+00  
-1.08619  3.741962e+00  0.000000e+00  0.000000e+00  0.000000e+00  0.000000e+00  0.000000e+00  
-1.08567  3.744791e+00  0.000000e+00  0.000000e+00  0.000000e+00  0.000000e+00  0.000000e+00  
-1.08514  3.744777e+00  0.000000e+00  0.000000e+00  0.000000e+00  0.000000e+00  0.000000e+00  
-1.08462  3.793243e+00  0.000000e+00  0.000000e+00  0.000000e+00  0.000000e+00  0.000000e+00  
-1.0841  3.796955e+00  0.000000e+00  0.000000e+00  0.000000e+00  0.000000e+00  0.000000e+00  
-1.08358  3.796941e+00  0.000000e+00  0.000000e+00  0.000000e+00  0.000000e+00  0.000000e+00  
-1.08306  3.796926e+00  0.000000e+00  0.000000e+00  0.000000e+00  0.000000e+00  0.000000e+00  
-1.08254  3.848843e+00  0.000000e+00  0.000000e+00  0.000000e+00  0.000000e+00  0.000000e+00  
-1.08202  3.849831e+00  0.000000e+00  0.000000e+00  0.000000e+00  0.000000e+00  0.000000e+00  
-1.0815  3.849456e+00  0.000000e+00  0.000000e+00  0.000000e+00  0.000000e+00  0.000000e+00  
-1.08098  3.796868e+00  0.000000e+00  0.000000e+00  0.000000e+00  0.000000e+00  0.000000e+00  
-1.08047  3.797716e+00  0.000000e+00  0.000000e+00  0.000000e+00  0.000000e+00  0.000000e+00  
-1.07995  3.824521e+00  0.000000e+00  0.000000e+00  0.000000e+00  0.000000e+00  0.000000e+00  
-1.07943  3.849757e+00  0.000000e+00  0.000000e+00  0.000000e+00  0.000000e+00  0.000000e+00  
-1.07892  3.849743e+00  0.000000e+00  0.000000e+00  0.000000e+00  0.000000e+00  0.000000e+00  
-1.0784  3.849728e+00  0.000000e+00  0.000000e+00  0.000000e+00  0.000000e+00  0.000000e+00  
-1.07789  3.849714e+00  0.000000e+00  0.000000e+00  0.000000e+00  0.000000e+00  0.000000e+00  
-1.07738  3.855592e+00  0.000000e+00  0.000000e+00  0.000000e+00  0.000000e+00  0.000000e+00  
-1.07686  3.903354e+00  0.000000e+00  0.000000e+00  0.000000e+00  0.000000e+00  0.000000e+00  
-1.07635  3.903339e+00  0.000000e+00  0.000000e+00  0.000000e+00  0.000000e+00  0.000000e+00  
-1.07584  3.903324e+00  0.000000e+00  0.000000e+00  0.000000e+00  0.000000e+00  0.000000e+00  
-1.07533  3.903309e+00  0.000000e+00  0.000000e+00  0.000000e+00  0.000000e+00  0.000000e+00  
-1.07482  3.903294e+00  0.000000e+00  0.000000e+00  0.000000e+00  0.000000e+00  0.000000e+00  
-1.07431  3.903279e+00  0.000000e+00  0.000000e+00  0.000000e+00  0.000000e+00  0.000000e+00  
-1.0738  3.914216e+00  0.000000e+00  0.000000e+00  0.000000e+00  0.000000e+00  0.000000e+00  
-1.07329  3.957666e+00  0.000000e+00  0.000000e+00  0.000000e+00  0.000000e+00  0.000000e+00  
-1.07278  3.957651e+00  0.000000e+00  0.000000e+00  0.000000e+00  0.000000e+00  0.000000e+00  
-1.07227  3.957635e+00  0.000000e+00  0.000000e+00  0.000000e+00  0.000000e+00  0.000000e+00  
-1.07177  3.957620e+00  0.000000e+00  0.000000e+00  0.000000e+00  0.000000e+00  0.000000e+00  
-1.07126  3.957605e+00  0.000000e+00  0.000000e+00  0.000000e+00  0.000000e+00  0.000000e+00  
-1.07075  3.972968e+00  0.000000e+00  0.000000e+00  0.000000e+00  0.000000e+00  0.000000e+00  
-1.07025  4.012749e+00  0.000000e+00  0.000000e+00  0.000000e+00  0.000000e+00  0.000000e+00  
-1.06974  4.012733e+00  0.000000e+00  0.000000e+00  0.000000e+00  0.000000e+00  0.000000e+00  
-1.06924  4.012718e+00  0.000000e+00  0.000000e+00  0.000000e+00  0.000000e+00  0.000000e+00  
-1.06874  4.012703e+00  0.000000e+00  0.000000e+00  0.000000e+00  0.000000e+00  0.000000e+00  
-1.06823  4.012688e+00  0.000000e+00  0.000000e+00  0.000000e+00  0.000000e+00  0.000000e+00  
-1.06773  4.032622e+00  0.000000e+00  0.000000e+00  0.000000e+00  0.000000e+00  0.000000e+00  
-1.06723  4.068599e+00  0.000000e+00  0.000000e+00  0.000000e+00  0.000000e+00  0.000000e+00  
-1.06673  4.068583e+00  0.000000e+00  0.000000e+00  0.000000e+00  0.000000e+00  0.000000e+00  
-1.06623  4.068568e+00  0.000000e+00  0.000000e+00  0.000000e+00  0.000000e+00  0.000000e+00  
-1.06573  4.068552e+00  0.000000e+00  0.000000e+00  0.000000e+00  0.000000e+00  0.000000e+00  
-1.06523  4.068536e+00  0.000000e+00  0.000000e+00  0.000000e+00  0.000000e+00  0.000000e+00  
-1.06473  4.093151e+00  0.000000e+00  0.000000e+00  0.000000e+00  0.000000e+00  0.000000e+00  
-1.06423  4.125225e+00  0.000000e+00  0.000000e+00  0.000000e+00  0.000000e+00  0.000000e+00  
-1.06373  4.125210e+00  0.000000e+00  0.000000e+00  0.000000e+00  0.000000e+00  0.000000e+00  
-1.06324  4.125194e+00  0.000000e+00  0.000000e+00  0.000000e+00  0.000000e+00  0.000000e+00  
-1.06274  4.125178e+00  0.000000e+00  0.000000e+00  0.000000e+00  0.000000e+00  0.000000e+00  
-1.06224  4.125163e+00  0.000000e+00  0.000000e+00  0.000000e+00  0.000000e+00  0.000000e+00  
-1.06175  4.154621e+00  0.000000e+00  0.000000e+00  0.000000e+00  0.000000e+00  0.000000e+00  
-1.06125  4.182641e+00  0.000000e+00  0.000000e+00  0.000000e+00  0.000000e+00  0.000000e+00  
-1.06076  4.182625e+00  0.000000e+00  0.000000e+00  0.000000e+00  0.000000e+00  0.000000e+00  
-1.06026  4.182609e+00  0.000000e+00  0.000000e+00  0.000000e+00  0.000000e+00  0.000000e+00  
-1.05977  4.182593e+00  0.000000e+00  0.000000e+00  0.000000e+00  0.000000e+00  0.000000e+00  
-1.05928  4.216245e+00  0.000000e+00  0.000000e+00  0.000000e+00  0.000000e+00  0.000000e+00  
-1.05879  4.240871e+00  0.000000e+00  0.000000e+00  0.000000e+00  0.000000e+00  0.000000e+00  
-1.0583  4.240855e+00  0.000000e+00  0.000000e+00  0.000000e+00  0.000000e+00  0.000000e+00  
-1.0578  4.240839e+00  0.000000e+00  0.000000e+00  0.000000e+00  0.000000e+00  0.000000e+00  
-1.05731  4.240823e+00  0.000000e+00  0.000000e+00  0.000000e+00  0.000000e+00  0.000000e+00  
-1.05682  4.278779e+00  0.000000e+00  0.000000e+00  0.000000e+00  0.000000e+00  0.000000e+00  
-1.05633  4.299912e+00  0.000000e+00  0.000000e+00  0.000000e+00  0.000000e+00  0.000000e+00  
-1.05585  4.299896e+00  0.000000e+00  0.000000e+00  0.000000e+00  0.000000e+00  0.000000e+00  
-1.05536  4.299880e+00  0.000000e+00  0.000000e+00  0.000000e+00  0.000000e+00  0.000000e+00  
-1.05487  4.299863e+00  0.000000e+00  0.000000e+00  0.000000e+00  0.000000e+00  0.000000e+00  
-1.05438  4.299847e+00  0.000000e+00  0.000000e+00  0.000000e+00  0.000000e+00  0.000000e+00  
-1.0539  4.342980e+00  0.000000e+00  0.000000e+00  0.000000e+00  0.000000e+00  0.000000e+00  
-1.05341  4.359759e+00  0.000000e+00  0.000000e+00  0.000000e+00  0.000000e+00  0.000000e+00  
-1.05293  4.359742e+00  0.000000e+00  0.000000e+00  0.000000e+00  0.000000e+00  0.000000e+00  
-1.05244  4.359726e+00  0.000000e+00  0.000000e+00  0.000000e+00  0.000000e+00  0.000000e+00  
-1.05196  4.359709e+00  0.000000e+00  0.000000e+00  0.000000e+00  0.000000e+00  0.000000e+00  
-1.05147  4.359693e+00  0.000000e+00  0.000000e+00  0.000000e+00  0.000000e+00  0.000000e+00  
-1.05099  4.408166e+00  0.000000e+00  0.000000e+00  0.000000e+00  0.000000e+00  0.000000e+00  
-1.05051  4.420438e+00  0.000000e+00  0.000000e+00  0.000000e+00  0.000000e+00  0.000000e+00  
-1.05002  4.420421e+00  0.000000e+00  0.000000e+00  0.000000e+00  0.000000e+00  0.000000e+00  
-1.04954  4.420405e+00  0.000000e+00  0.000000e+00  0.000000e+00  0.000000e+00  0.000000e+00  
-1.04906  4.420388e+00  0.000000e+00  0.000000e+00  0.000000e+00  0.000000e+00  0.000000e+00  
-1.04858  4.473534e+00  0.000000e+00  0.000000e+00  0.000000e+00  0.000000e+00  0.000000e+00  
-1.0481  4.481979e+00  0.000000e+00  0.000000e+00  0.000000e+00  0.000000e+00  0.000000e+00  
-1.04762  4.481962e+00  0.000000e+00  0.000000e+00  0.000000e+00  0.000000e+00  0.000000e+00  
-1.04714  4.481945e+00  0.000000e+00  0.000000e+00  0.000000e+00  0.000000e+00  0.000000e+00  
-1.04666  4.481928e+00  0.000000e+00  0.000000e+00  0.000000e+00  0.000000e+00  0.000000e+00  
-1.04618  4.481911e+00  0.000000e+00  0.000000e+00  0.000000e+00  0.000000e+00  0.000000e+00  
-1.04571  4.540628e+00  0.000000e+00  0.000000e+00  0.000000e+00  0.000000e+00  0.000000e+00  
-1.04523  4.544360e+00  0.000000e+00  0.000000e+00  0.000000e+00  0.000000e+00  0.000000e+00  
-1.04475  4.544343e+00  0.000000e+00  0.000000e+00  0.000000e+00  0.000000e+00  0.000000e+00  
-1.04428  4.544325e+00  0.000000e+00  0.000000e+00  0.000000e+00  0.000000e+00  0.000000e+00  
-1.0438  4.544308e+00  0.000000e+00  0.000000e+00  0.000000e+00  0.000000e+00  0.000000e+00  
-1.04333  4.544596e+00  0.000000e+00  0.000000e+00  0.000000e+00  0.000000e+00  0.000000e+00  
-1.04285  4.607626e+00  0.000000e+00  0.000000e+00  0.000000e+00  0.000000e+00  0.000000e+00  
-1.04238  4.607609e+00  0.000000e+00  0.000000e+00  0.000000e+00  0.000000e+00  0.000000e+00  
-1.04191  4.607591e+00  0.000000e+00  0.000000e+00  0.000000e+00  0.000000e+00  0.000000e+00  
-1.04143  4.609413e+00  0.000000e+00  0.000000e+00  0.000000e+00  0.000000e+00  0.000000e+00  
-1.04096  4.641912e+00  0.000000e+00  0.000000e+00  0.000000e+00  0.000000e+00  0.000000e+00  
-1.04049  4.671773e+00  0.000000e+00  0.000000e+00  0.000000e+00  0.000000e+00  0.000000e+00  
-1.04002  4.671755e+00  0.000000e+00  0.000000e+00  0.000000e+00  0.000000e+00  0.000000e+00  
-1.03955  4.671738e+00  0.000000e+00  0.000000e+00  0.000000e+00  0.000000e+00  0.000000e+00  
-1.03908  4.671720e+00  0.000000e+00  0.000000e+00  0.000000e+00  0.000000e+00  0.000000e+00  
-1.03861  4.680468e+00  0.000000e+00  0.000000e+00  0.000000e+00  0.000000e+00  0.000000e+00  
-1.03814  4.736813e+00  0.000000e+00  0.000000e+00  0.000000e+00  0.000000e+00  0.000000e+00  
-1.03767  4.736795e+00  0.000000e+00  0.000000e+00  0.000000e+00  0.000000e+00  0.000000e+00  
-1.0372  4.736777e+00  0.000000e+00  0.000000e+00  0.000000e+00  0.000000e+00  0.000000e+00  
-1.03673  4.736759e+00  0.000000e+00  0.000000e+00  0.000000e+00  0.000000e+00  0.000000e+00  
-1.03627  4.749914e+00  0.000000e+00  0.000000e+00  0.000000e+00  0.000000e+00  0.000000e+00  
-1.0358  4.802759e+00  0.000000e+00  0.000000e+00  0.000000e+00  0.000000e+00  0.000000e+00  
-1.03533  4.802741e+00  0.000000e+00  0.000000e+00  0.000000e+00  0.000000e+00  0.000000e+00  
-1.03487  4.802722e+00  0.000000e+00  0.000000e+00  0.000000e+00  0.000000e+00  0.000000e+00  
-1.0344  4.802704e+00  0.000000e+00  0.000000e+00  0.000000e+00  0.000000e+00  0.000000e+00  
-1.03394  4.802686e+00  0.000000e+00  0.000000e+00  0.000000e+00  0.000000e+00  0.000000e+00  
-1.03347  4.821245e+00  0.000000e+00  0.000000e+00  0.000000e+00  0.000000e+00  0.000000e+00  
-1.03301  4.869604e+00  0.000000e+00  0.000000e+00  0.000000e+00  0.000000e+00  0.000000e+00  
-1.03255  4.869585e+00  0.000000e+00  0.000000e+00  0.000000e+00  0.000000e+00  0.000000e+00  
-1.03208  4.869567e+00  0.000000e+00  0.000000e+00  0.000000e+00  0.000000e+00  0.000000e+00  
-1.03162  4.869549e+00  0.000000e+00  0.000000e+00  0.000000e+00  0.000000e+00  0.000000e+00  
-1.03116  4.869530e+00  0.000000e+00  0.000000e+00  0.000000e+00  0.000000e+00  0.000000e+00  
-1.0307  4.893611e+00  0.000000e+00  0.000000e+00  0.000000e+00  0.000000e+00  0.000000e+00  
-1.03024  4.937380e+00  0.000000e+00  0.000000e+00  0.000000e+00  0.000000e+00  0.000000e+00  
-1.02978  4.937361e+00  0.000000e+00  0.000000e+00  0.000000e+00  0.000000e+00  0.000000e+00  
-1.02932  4.937342e+00  0.000000e+00  0.000000e+00  0.000000e+00  0.000000e+00  0.000000e+00  
-1.02886  4.937323e+00  0.000000e+00  0.000000e+00  0.000000e+00  0.000000e+00  0.000000e+00  
-1.0284  4.966205e+00  0.000000e+00  0.000000e+00  0.000000e+00  0.000000e+00  0.000000e+00  
-1.02794  5.006117e+00  0.000000e+00  0.000000e+00  0.000000e+00  0.000000e+00  0.000000e+00  
-1.02748  5.006098e+00  0.000000e+00  0.000000e+00  0.000000e+00  0.000000e+00  0.000000e+00  
-1.02703  5.006079e+00  0.000000e+00  0.000000e+00  0.000000e+00  0.000000e+00  0.000000e+00  
-1.02657  5.006060e+00  0.000000e+00  0.000000e+00  0.000000e+00  0.000000e+00  0.000000e+00  
-1.02611  5.006041e+00  0.000000e+00  0.000000e+00  0.000000e+00  0.000000e+00  0.000000e+00  
-1.02566  5.040824e+00  0.000000e+00  0.000000e+00  0.000000e+00  0.000000e+00  0.000000e+00  
-1.0252  5.075793e+00  0.000000e+00  0.000000e+00  0.000000e+00  0.000000e+00  0.000000e+00  
-1.02475  5.075774e+00  0.000000e+00  0.000000e+00  0.000000e+00  0.000000e+00  0.000000e+00  
-1.02429  5.075754e+00  0.000000e+00  0.000000e+00  0.000000e+00  0.000000e+00  0.000000e+00  
-1.02384  5.075735e+00  0.000000e+00  0.000000e+00  0.000000e+00  0.000000e+00  0.000000e+00  
-1.02338  5.115548e+00  0.000000e+00  0.000000e+00  0.000000e+00  0.000000e+00  0.000000e+00  
-1.02293  5.146458e+00  0.000000e+00  0.000000e+00  0.000000e+00  0.000000e+00  0.000000e+00  
-1.02248  5.146438e+00  0.000000e+00  0.000000e+00  0.000000e+00  0.000000e+00  0.000000e+00  
-1.02203  5.146419e+00  0.000000e+00  0.000000e+00  0.000000e+00  0.000000e+00  0.000000e+00  
-1.02157  5.146399e+00  0.000000e+00  0.000000e+00  0.000000e+00  0.000000e+00  0.000000e+00  
-1.02112  5.146379e+00  0.000000e+00  0.000000e+00  0.000000e+00  0.000000e+00  0.000000e+00  
-1.02067  5.192298e+00  0.000000e+00  0.000000e+00  0.000000e+00  0.000000e+00  0.000000e+00  
-1.02022  5.218087e+00  0.000000e+00  0.000000e+00  0.000000e+00  0.000000e+00  0.000000e+00  
-1.01977  5.218067e+00  0.000000e+00  0.000000e+00  0.000000e+00  0.000000e+00  0.000000e+00  
-1.01932  5.218047e+00  0.000000e+00  0.000000e+00  0.000000e+00  0.000000e+00  0.000000e+00  
-1.01887  5.218027e+00  0.000000e+00  0.000000e+00  0.000000e+00  0.000000e+00  0.000000e+00  
-1.01843  5.218007e+00  0.000000e+00  0.000000e+00  0.000000e+00  0.000000e+00  0.000000e+00  
-1.01798  5.270259e+00  0.000000e+00  0.000000e+00  0.000000e+00  0.000000e+00  0.000000e+00  
-1.01753  5.290712e+00  0.000000e+00  0.000000e+00  0.000000e+00  0.000000e+00  0.000000e+00  
-1.01708  5.290692e+00  0.000000e+00  0.000000e+00  0.000000e+00  0.000000e+00  0.000000e+00  
-1.01664  5.290672e+00  0.000000e+00  0.000000e+00  0.000000e+00  0.000000e+00  0.000000e+00  
-1.01619  5.290652e+00  0.000000e+00  0.000000e+00  0.000000e+00  0.000000e+00  0.000000e+00  
-1.01575  5.290632e+00  0.000000e+00  0.000000e+00  0.000000e+00  0.000000e+00  0.000000e+00  
-1.0153  5.349324e+00  0.000000e+00  0.000000e+00  0.000000e+00  0.000000e+00  0.000000e+00  
-1.01486  5.364349e+00  0.000000e+00  0.000000e+00  0.000000e+00  0.000000e+00  0.000000e+00  
-1.01441  5.364328e+00  0.000000e+00  0.000000e+00  0.000000e+00  0.000000e+00  0.000000e+00  
-1.01397  5.364308e+00  0.000000e+00  0.000000e+00  0.000000e+00  0.000000e+00  0.000000e+00  
-1.01352  5.364288e+00  0.000000e+00  0.000000e+00  0.000000e+00  0.000000e+00  0.000000e+00  
-1.01308  5.364267e+00  0.000000e+00  0.000000e+00  0.000000e+00  0.000000e+00  0.000000e+00  
-1.01264  5.364247e+00  0.000000e+00  0.000000e+00  0.000000e+00  0.000000e+00  0.000000e+00  
-1.0122  5.430526e+00  0.000000e+00  0.000000e+00  0.000000e+00  0.000000e+00  0.000000e+00  
-1.01176  5.438990e+00  0.000000e+00  0.000000e+00  0.000000e+00  0.000000e+00  0.000000e+00  
-1.01131  5.438969e+00  0.000000e+00  0.000000e+00  0.000000e+00  0.000000e+00  0.000000e+00  
-1.01087  5.438948e+00  0.000000e+00  0.000000e+00  0.000000e+00  0.000000e+00  0.000000e+00  
-1.01043  5.438927e+00  0.000000e+00  0.000000e+00  0.000000e+00  0.000000e+00  0.000000e+00  
-1.00999  5.438907e+00  0.000000e+00  0.000000e+00  0.000000e+00  0.000000e+00  0.000000e+00  
-1.00955  5.438886e+00  0.000000e+00  0.000000e+00  0.000000e+00  0.000000e+00  0.000000e+00  
-1.00912  5.513029e+00  0.000000e+00  0.000000e+00  0.000000e+00  0.000000e+00  0.000000e+00  
-1.00868  5.514669e+00  0.000000e+00  0.000000e+00  0.000000e+00  0.000000e+00  0.000000e+00  
-1.00824  5.514648e+00  0.000000e+00  0.000000e+00  0.000000e+00  0.000000e+00  0.000000e+00  
-1.0078  5.514627e+00  0.000000e+00  0.000000e+00  0.000000e+00  0.000000e+00  0.000000e+00  
-1.00736  5.514606e+00  0.000000e+00  0.000000e+00  0.000000e+00  0.000000e+00  0.000000e+00  
-1.00693  5.517886e+00  0.000000e+00  0.000000e+00  0.000000e+00  0.000000e+00  0.000000e+00  
-1.00649  5.591444e+00  0.000000e+00  0.000000e+00  0.000000e+00  0.000000e+00  0.000000e+00  
-1.00606  5.591422e+00  0.000000e+00  0.000000e+00  0.000000e+00  0.000000e+00  0.000000e+00  
-1.00562  5.591401e+00  0.000000e+00  0.000000e+00  0.000000e+00  0.000000e+00  0.000000e+00  
-1.00519  5.591380e+00  0.000000e+00  0.000000e+00  0.000000e+00  0.000000e+00  0.000000e+00  
-1.00475  5.591359e+00  0.000000e+00  0.000000e+00  0.000000e+00  0.000000e+00  0.000000e+00  
-1.00432  5.591337e+00  0.000000e+00  0.000000e+00  0.000000e+00  0.000000e+00  0.000000e+00  
-1.00388  5.601721e+00  0.000000e+00  0.000000e+00  0.000000e+00  0.000000e+00  0.000000e+00  
-1.00345  5.669244e+00  0.000000e+00  0.000000e+00  0.000000e+00  0.000000e+00  0.000000e+00  
-1.00302  5.669223e+00  0.000000e+00  0.000000e+00  0.000000e+00  0.000000e+00  0.000000e+00  
-1.00258  5.669201e+00  0.000000e+00  0.000000e+00  0.000000e+00  0.000000e+00  0.000000e+00  
-1.00215  5.669180e+00  0.000000e+00  0.000000e+00  0.000000e+00  0.000000e+00  0.000000e+00  
-1.00172  0.000000e+00  0.000000e+00  0.000000e+00  0.000000e+00  0.000000e+00  0.000000e+00  
-1.00129  0.000000e+00  0.000000e+00  0.000000e+00  0.000000e+00  0.000000e+00  0.000000e+00  
-1.00086  0.000000e+00  0.000000e+00  0.000000e+00  0.000000e+00  0.000000e+00  0.000000e+00  
-1.00043  0.000000e+00  0.000000e+00  0.000000e+00  0.000000e+00  0.000000e+00  0.000000e+00  