# Cross section (10^-38 cm^2/GeV) #
# log(energy in GeV)  nu_e      nu_mu      nu_tau      nu_e_bar      nu_mu_bar    nu_tau_bar #

-3.30103  0.000000e+00  0.000000e+00  0.000000e+00  0.000000e+00  0.000000e+00  0.000000e+00  
-3.22264  0.000000e+00  0.000000e+00  0.000000e+00  0.000000e+00  0.000000e+00  0.000000e+00  
-3.15626  0.000000e+00  0.000000e+00  0.000000e+00  0.000000e+00  0.000000e+00  0.000000e+00  
-3.09869  0.000000e+00  0.000000e+00  0.000000e+00  0.000000e+00  0.000000e+00  0.000000e+00  
-3.04787  0.000000e+00  0.000000e+00  0.000000e+00  0.000000e+00  0.000000e+00  0.000000e+00  
-3.00238  0.000000e+00  0.000000e+00  0.000000e+00  0.000000e+00  0.000000e+00  0.000000e+00  
-2.96121  0.000000e+00  0.000000e+00  0.000000e+00  0.000000e+00  0.000000e+00  0.000000e+00  
-2.9236  0.000000e+00  0.000000e+00  0.000000e+00  0.000000e+00  0.000000e+00  0.000000e+00  
-2.88899  0.000000e+00  0.000000e+00  0.000000e+00  0.000000e+00  0.000000e+00  0.000000e+00  
-2.85694  0.000000e+00  0.000000e+00  0.000000e+00  0.000000e+00  0.000000e+00  0.000000e+00  
-2.82709  0.000000e+00  0.000000e+00  0.000000e+00  0.000000e+00  0.000000e+00  0.000000e+00  
-2.79916  0.000000e+00  0.000000e+00  0.000000e+00  0.000000e+00  0.000000e+00  0.000000e+00  
-2.77292  0.000000e+00  0.000000e+00  0.000000e+00  0.000000e+00  0.000000e+00  0.000000e+00  
-2.74817  0.000000e+00  0.000000e+00  0.000000e+00  0.000000e+00  0.000000e+00  0.000000e+00  
-2.72476  0.000000e+00  0.000000e+00  0.000000e+00  0.000000e+00  0.000000e+00  0.000000e+00  
-2.70255  0.000000e+00  0.000000e+00  0.000000e+00  0.000000e+00  0.000000e+00  0.000000e+00  
-2.68141  0.000000e+00  0.000000e+00  0.000000e+00  0.000000e+00  0.000000e+00  0.000000e+00  
-2.66126  0.000000e+00  0.000000e+00  0.000000e+00  0.000000e+00  0.000000e+00  0.000000e+00  
-2.642  0.000000e+00  0.000000e+00  0.000000e+00  0.000000e+00  0.000000e+00  0.000000e+00  
-2.62356  0.000000e+00  0.000000e+00  0.000000e+00  0.000000e+00  0.000000e+00  0.000000e+00  
-2.60588  0.000000e+00  0.000000e+00  0.000000e+00  0.000000e+00  0.000000e+00  0.000000e+00  
-2.58888  0.000000e+00  0.000000e+00  0.000000e+00  0.000000e+00  0.000000e+00  0.000000e+00  
-2.57252  0.000000e+00  0.000000e+00  0.000000e+00  0.000000e+00  0.000000e+00  0.000000e+00  
-2.55676  0.000000e+00  0.000000e+00  0.000000e+00  0.000000e+00  0.000000e+00  0.000000e+00  
-2.54155  0.000000e+00  0.000000e+00  0.000000e+00  0.000000e+00  0.000000e+00  0.000000e+00  
-2.52685  0.000000e+00  0.000000e+00  0.000000e+00  0.000000e+00  0.000000e+00  0.000000e+00  
-2.51264  0.000000e+00  0.000000e+00  0.000000e+00  0.000000e+00  0.000000e+00  0.000000e+00  
-2.49888  0.000000e+00  0.000000e+00  0.000000e+00  0.000000e+00  0.000000e+00  0.000000e+00  
-2.48553  0.000000e+00  0.000000e+00  0.000000e+00  0.000000e+00  0.000000e+00  0.000000e+00  
-2.47259  0.000000e+00  0.000000e+00  0.000000e+00  0.000000e+00  0.000000e+00  0.000000e+00  
-2.46002  0.000000e+00  0.000000e+00  0.000000e+00  0.000000e+00  0.000000e+00  0.000000e+00  
-2.44781  0.000000e+00  0.000000e+00  0.000000e+00  0.000000e+00  0.000000e+00  0.000000e+00  
-2.43592  0.000000e+00  0.000000e+00  0.000000e+00  0.000000e+00  0.000000e+00  0.000000e+00  
-2.42436  0.000000e+00  0.000000e+00  0.000000e+00  0.000000e+00  0.000000e+00  0.000000e+00  
-2.4131  0.000000e+00  0.000000e+00  0.000000e+00  0.000000e+00  0.000000e+00  0.000000e+00  
-2.40212  0.000000e+00  0.000000e+00  0.000000e+00  0.000000e+00  0.000000e+00  0.000000e+00  
-2.39141  0.000000e+00  0.000000e+00  0.000000e+00  0.000000e+00  0.000000e+00  0.000000e+00  
-2.38095  0.000000e+00  0.000000e+00  0.000000e+00  0.000000e+00  0.000000e+00  0.000000e+00  
-2.37075  0.000000e+00  0.000000e+00  0.000000e+00  0.000000e+00  0.000000e+00  0.000000e+00  
-2.36078  0.000000e+00  0.000000e+00  0.000000e+00  0.000000e+00  0.000000e+00  0.000000e+00  
-2.35103  0.000000e+00  0.000000e+00  0.000000e+00  0.000000e+00  0.000000e+00  0.000000e+00  
-2.3415  0.000000e+00  0.000000e+00  0.000000e+00  0.000000e+00  0.000000e+00  0.000000e+00  
-2.33217  0.000000e+00  0.000000e+00  0.000000e+00  0.000000e+00  0.000000e+00  0.000000e+00  
-2.32303  0.000000e+00  0.000000e+00  0.000000e+00  0.000000e+00  0.000000e+00  0.000000e+00  
-2.31409  0.000000e+00  0.000000e+00  0.000000e+00  0.000000e+00  0.000000e+00  0.000000e+00  
-2.30533  0.000000e+00  0.000000e+00  0.000000e+00  0.000000e+00  0.000000e+00  0.000000e+00  
-2.29673  0.000000e+00  0.000000e+00  0.000000e+00  0.000000e+00  0.000000e+00  0.000000e+00  
-2.28831  0.000000e+00  0.000000e+00  0.000000e+00  0.000000e+00  0.000000e+00  0.000000e+00  
-2.28005  0.000000e+00  0.000000e+00  0.000000e+00  0.000000e+00  0.000000e+00  0.000000e+00  
-2.27194  0.000000e+00  0.000000e+00  0.000000e+00  0.000000e+00  0.000000e+00  0.000000e+00  
-2.26398  0.000000e+00  0.000000e+00  0.000000e+00  0.000000e+00  0.000000e+00  0.000000e+00  
-2.25616  0.000000e+00  0.000000e+00  0.000000e+00  0.000000e+00  0.000000e+00  0.000000e+00  
-2.24848  0.000000e+00  0.000000e+00  0.000000e+00  0.000000e+00  0.000000e+00  0.000000e+00  
-2.24093  0.000000e+00  0.000000e+00  0.000000e+00  0.000000e+00  0.000000e+00  0.000000e+00  
-2.23352  0.000000e+00  0.000000e+00  0.000000e+00  0.000000e+00  0.000000e+00  0.000000e+00  
-2.22622  0.000000e+00  0.000000e+00  0.000000e+00  0.000000e+00  0.000000e+00  0.000000e+00  
-2.21905  0.000000e+00  0.000000e+00  0.000000e+00  0.000000e+00  0.000000e+00  0.000000e+00  
-2.212  0.000000e+00  0.000000e+00  0.000000e+00  0.000000e+00  0.000000e+00  0.000000e+00  
-2.20505  0.000000e+00  0.000000e+00  0.000000e+00  0.000000e+00  0.000000e+00  0.000000e+00  
-2.19822  0.000000e+00  0.000000e+00  0.000000e+00  0.000000e+00  0.000000e+00  0.000000e+00  
-2.19149  0.000000e+00  0.000000e+00  0.000000e+00  0.000000e+00  0.000000e+00  0.000000e+00  
-2.18487  0.000000e+00  0.000000e+00  0.000000e+00  0.000000e+00  0.000000e+00  0.000000e+00  
-2.17834  0.000000e+00  0.000000e+00  0.000000e+00  0.000000e+00  0.000000e+00  0.000000e+00  
-2.17191  0.000000e+00  0.000000e+00  0.000000e+00  0.000000e+00  0.000000e+00  0.000000e+00  
-2.16558  0.000000e+00  0.000000e+00  0.000000e+00  0.000000e+00  0.000000e+00  0.000000e+00  
-2.15933  0.000000e+00  0.000000e+00  0.000000e+00  0.000000e+00  0.000000e+00  0.000000e+00  
-2.15318  0.000000e+00  0.000000e+00  0.000000e+00  0.000000e+00  0.000000e+00  0.000000e+00  
-2.14711  0.000000e+00  0.000000e+00  0.000000e+00  0.000000e+00  0.000000e+00  0.000000e+00  
-2.14112  0.000000e+00  0.000000e+00  0.000000e+00  0.000000e+00  0.000000e+00  0.000000e+00  
-2.13522  0.000000e+00  0.000000e+00  0.000000e+00  0.000000e+00  0.000000e+00  0.000000e+00  
-2.12939  0.000000e+00  0.000000e+00  0.000000e+00  0.000000e+00  0.000000e+00  0.000000e+00  
-2.12365  0.000000e+00  0.000000e+00  0.000000e+00  0.000000e+00  0.000000e+00  0.000000e+00  
-2.11797  0.000000e+00  0.000000e+00  0.000000e+00  0.000000e+00  0.000000e+00  0.000000e+00  
-2.11237  0.000000e+00  0.000000e+00  0.000000e+00  0.000000e+00  0.000000e+00  0.000000e+00  
-2.10684  0.000000e+00  0.000000e+00  0.000000e+00  0.000000e+00  0.000000e+00  0.000000e+00  
-2.10138  0.000000e+00  0.000000e+00  0.000000e+00  0.000000e+00  0.000000e+00  0.000000e+00  
-2.09599  0.000000e+00  0.000000e+00  0.000000e+00  0.000000e+00  0.000000e+00  0.000000e+00  
-2.09067  0.000000e+00  0.000000e+00  0.000000e+00  0.000000e+00  0.000000e+00  0.000000e+00  
-2.08541  0.000000e+00  0.000000e+00  0.000000e+00  0.000000e+00  0.000000e+00  0.000000e+00  
-2.08021  0.000000e+00  0.000000e+00  0.000000e+00  0.000000e+00  0.000000e+00  0.000000e+00  
-2.07507  0.000000e+00  0.000000e+00  0.000000e+00  0.000000e+00  0.000000e+00  0.000000e+00  
-2.07  0.000000e+00  0.000000e+00  0.000000e+00  0.000000e+00  0.000000e+00  0.000000e+00  
-2.06498  0.000000e+00  0.000000e+00  0.000000e+00  0.000000e+00  0.000000e+00  0.000000e+00  
-2.06002  0.000000e+00  0.000000e+00  0.000000e+00  0.000000e+00  0.000000e+00  0.000000e+00  
-2.05512  0.000000e+00  0.000000e+00  0.000000e+00  0.000000e+00  0.000000e+00  0.000000e+00  
-2.05027  0.000000e+00  0.000000e+00  0.000000e+00  0.000000e+00  0.000000e+00  0.000000e+00  
-2.04547  0.000000e+00  0.000000e+00  0.000000e+00  0.000000e+00  0.000000e+00  0.000000e+00  
-2.04073  0.000000e+00  0.000000e+00  0.000000e+00  0.000000e+00  0.000000e+00  0.000000e+00  
-2.03603  0.000000e+00  0.000000e+00  0.000000e+00  0.000000e+00  0.000000e+00  0.000000e+00  
-2.03139  0.000000e+00  0.000000e+00  0.000000e+00  0.000000e+00  0.000000e+00  0.000000e+00  
-2.0268  0.000000e+00  0.000000e+00  0.000000e+00  0.000000e+00  0.000000e+00  0.000000e+00  
-2.02225  0.000000e+00  0.000000e+00  0.000000e+00  0.000000e+00  0.000000e+00  0.000000e+00  
-2.01776  0.000000e+00  0.000000e+00  0.000000e+00  0.000000e+00  0.000000e+00  0.000000e+00  
-2.0133  0.000000e+00  0.000000e+00  0.000000e+00  0.000000e+00  0.000000e+00  0.000000e+00  
-2.0089  0.000000e+00  0.000000e+00  0.000000e+00  0.000000e+00  0.000000e+00  0.000000e+00  
-2.00453  0.000000e+00  0.000000e+00  0.000000e+00  0.000000e+00  0.000000e+00  0.000000e+00  
-2.00022  0.000000e+00  0.000000e+00  0.000000e+00  0.000000e+00  0.000000e+00  0.000000e+00  
-1.99594  1.257732e-02  0.000000e+00  0.000000e+00  0.000000e+00  0.000000e+00  0.000000e+00  
-1.9917  1.326248e-02  0.000000e+00  0.000000e+00  0.000000e+00  0.000000e+00  0.000000e+00  
-1.98751  1.373587e-02  0.000000e+00  0.000000e+00  0.000000e+00  0.000000e+00  0.000000e+00  
-1.98336  1.427659e-02  0.000000e+00  0.000000e+00  0.000000e+00  0.000000e+00  0.000000e+00  
-1.97924  1.478208e-02  0.000000e+00  0.000000e+00  0.000000e+00  0.000000e+00  0.000000e+00  
-1.97517  1.520249e-02  0.000000e+00  0.000000e+00  0.000000e+00  0.000000e+00  0.000000e+00  
-1.97113  1.575448e-02  0.000000e+00  0.000000e+00  0.000000e+00  0.000000e+00  0.000000e+00  
-1.96713  1.630409e-02  0.000000e+00  0.000000e+00  0.000000e+00  0.000000e+00  0.000000e+00  
-1.96316  1.670112e-02  0.000000e+00  0.000000e+00  0.000000e+00  0.000000e+00  0.000000e+00  
-1.95924  1.705588e-02  0.000000e+00  0.000000e+00  0.000000e+00  0.000000e+00  0.000000e+00  
-1.95534  1.749101e-02  0.000000e+00  0.000000e+00  0.000000e+00  0.000000e+00  0.000000e+00  
-1.95148  1.798824e-02  0.000000e+00  0.000000e+00  0.000000e+00  0.000000e+00  0.000000e+00  
-1.94766  1.834072e-02  0.000000e+00  0.000000e+00  0.000000e+00  0.000000e+00  0.000000e+00  
-1.94387  1.859959e-02  0.000000e+00  0.000000e+00  0.000000e+00  0.000000e+00  0.000000e+00  
-1.94011  1.894749e-02  0.000000e+00  0.000000e+00  0.000000e+00  0.000000e+00  0.000000e+00  
-1.93638  1.943912e-02  0.000000e+00  0.000000e+00  0.000000e+00  0.000000e+00  0.000000e+00  
-1.93269  1.999221e-02  0.000000e+00  0.000000e+00  0.000000e+00  0.000000e+00  0.000000e+00  
-1.92903  2.086060e-02  0.000000e+00  0.000000e+00  0.000000e+00  0.000000e+00  0.000000e+00  
-1.92539  2.245801e-02  0.000000e+00  0.000000e+00  0.000000e+00  0.000000e+00  0.000000e+00  
-1.92179  2.406007e-02  0.000000e+00  0.000000e+00  0.000000e+00  0.000000e+00  0.000000e+00  
-1.91822  2.485873e-02  0.000000e+00  0.000000e+00  0.000000e+00  0.000000e+00  0.000000e+00  
-1.91467  2.538748e-02  0.000000e+00  0.000000e+00  0.000000e+00  0.000000e+00  0.000000e+00  
-1.91116  2.606285e-02  0.000000e+00  0.000000e+00  0.000000e+00  0.000000e+00  0.000000e+00  
-1.90767  2.680434e-02  0.000000e+00  0.000000e+00  0.000000e+00  0.000000e+00  0.000000e+00  
-1.90421  2.756637e-02  0.000000e+00  0.000000e+00  0.000000e+00  0.000000e+00  0.000000e+00  
-1.90078  2.834985e-02  0.000000e+00  0.000000e+00  0.000000e+00  0.000000e+00  0.000000e+00  
-1.89738  2.899411e-02  0.000000e+00  0.000000e+00  0.000000e+00  0.000000e+00  0.000000e+00  
-1.894  2.911396e-02  0.000000e+00  0.000000e+00  0.000000e+00  0.000000e+00  0.000000e+00  
-1.89065  2.911366e-02  0.000000e+00  0.000000e+00  0.000000e+00  0.000000e+00  0.000000e+00  
-1.88732  2.911360e-02  0.000000e+00  0.000000e+00  0.000000e+00  0.000000e+00  0.000000e+00  
-1.88402  2.945890e-02  0.000000e+00  0.000000e+00  0.000000e+00  0.000000e+00  0.000000e+00  
-1.88074  2.951940e-02  0.000000e+00  0.000000e+00  0.000000e+00  0.000000e+00  0.000000e+00  
-1.87749  2.951926e-02  0.000000e+00  0.000000e+00  0.000000e+00  0.000000e+00  0.000000e+00  
-1.87426  2.951909e-02  0.000000e+00  0.000000e+00  0.000000e+00  0.000000e+00  0.000000e+00  
-1.87106  3.007908e-02  0.000000e+00  0.000000e+00  0.000000e+00  0.000000e+00  0.000000e+00  
-1.86788  3.071807e-02  0.000000e+00  0.000000e+00  0.000000e+00  0.000000e+00  0.000000e+00  
-1.86472  3.137136e-02  0.000000e+00  0.000000e+00  0.000000e+00  0.000000e+00  0.000000e+00  
-1.86159  3.224831e-02  0.000000e+00  0.000000e+00  0.000000e+00  0.000000e+00  0.000000e+00  
-1.85848  3.294545e-02  0.000000e+00  0.000000e+00  0.000000e+00  0.000000e+00  0.000000e+00  
-1.85539  3.364656e-02  0.000000e+00  0.000000e+00  0.000000e+00  0.000000e+00  0.000000e+00  
-1.85232  3.459541e-02  0.000000e+00  0.000000e+00  0.000000e+00  0.000000e+00  0.000000e+00  
-1.84927  3.533481e-02  0.000000e+00  0.000000e+00  0.000000e+00  0.000000e+00  0.000000e+00  
-1.84625  3.608626e-02  0.000000e+00  0.000000e+00  0.000000e+00  0.000000e+00  0.000000e+00  
-1.84324  3.685285e-02  0.000000e+00  0.000000e+00  0.000000e+00  0.000000e+00  0.000000e+00  
-1.84026  3.762877e-02  0.000000e+00  0.000000e+00  0.000000e+00  0.000000e+00  0.000000e+00  
-1.83729  3.818423e-02  0.000000e+00  0.000000e+00  0.000000e+00  0.000000e+00  0.000000e+00  
-1.83435  3.927075e-02  0.000000e+00  0.000000e+00  0.000000e+00  0.000000e+00  0.000000e+00  
-1.83143  4.036689e-02  0.000000e+00  0.000000e+00  0.000000e+00  0.000000e+00  0.000000e+00  
-1.82852  4.119997e-02  0.000000e+00  0.000000e+00  0.000000e+00  0.000000e+00  0.000000e+00  
-1.82564  4.181077e-02  0.000000e+00  0.000000e+00  0.000000e+00  0.000000e+00  0.000000e+00  
-1.82277  4.273332e-02  0.000000e+00  0.000000e+00  0.000000e+00  0.000000e+00  0.000000e+00  
-1.81993  4.387283e-02  0.000000e+00  0.000000e+00  0.000000e+00  0.000000e+00  0.000000e+00  
-1.8171  4.457743e-02  0.000000e+00  0.000000e+00  0.000000e+00  0.000000e+00  0.000000e+00  
-1.81429  4.579744e-02  0.000000e+00  0.000000e+00  0.000000e+00  0.000000e+00  0.000000e+00  
-1.8115  4.671692e-02  0.000000e+00  0.000000e+00  0.000000e+00  0.000000e+00  0.000000e+00  
-1.80872  4.743477e-02  0.000000e+00  0.000000e+00  0.000000e+00  0.000000e+00  0.000000e+00  
-1.80597  4.838026e-02  0.000000e+00  0.000000e+00  0.000000e+00  0.000000e+00  0.000000e+00  
-1.80323  4.913216e-02  0.000000e+00  0.000000e+00  0.000000e+00  0.000000e+00  0.000000e+00  
-1.8005  5.017635e-02  0.000000e+00  0.000000e+00  0.000000e+00  0.000000e+00  0.000000e+00  
-1.7978  5.132635e-02  0.000000e+00  0.000000e+00  0.000000e+00  0.000000e+00  0.000000e+00  
-1.79511  5.269626e-02  0.000000e+00  0.000000e+00  0.000000e+00  0.000000e+00  0.000000e+00  
-1.79244  5.381596e-02  0.000000e+00  0.000000e+00  0.000000e+00  0.000000e+00  0.000000e+00  
-1.78978  5.485816e-02  0.000000e+00  0.000000e+00  0.000000e+00  0.000000e+00  0.000000e+00  
-1.78715  5.574171e-02  0.000000e+00  0.000000e+00  0.000000e+00  0.000000e+00  0.000000e+00  
-1.78452  5.692617e-02  0.000000e+00  0.000000e+00  0.000000e+00  0.000000e+00  0.000000e+00  
-1.78191  5.801275e-02  0.000000e+00  0.000000e+00  0.000000e+00  0.000000e+00  0.000000e+00  
-1.77932  5.896270e-02  0.000000e+00  0.000000e+00  0.000000e+00  0.000000e+00  0.000000e+00  
-1.77675  6.021522e-02  0.000000e+00  0.000000e+00  0.000000e+00  0.000000e+00  0.000000e+00  
-1.77418  6.149614e-02  0.000000e+00  0.000000e+00  0.000000e+00  0.000000e+00  0.000000e+00  
-1.77164  6.280299e-02  0.000000e+00  0.000000e+00  0.000000e+00  0.000000e+00  0.000000e+00  
-1.76911  6.413802e-02  0.000000e+00  0.000000e+00  0.000000e+00  0.000000e+00  0.000000e+00  
-1.76659  6.532523e-02  0.000000e+00  0.000000e+00  0.000000e+00  0.000000e+00  0.000000e+00  
-1.76409  6.624743e-02  0.000000e+00  0.000000e+00  0.000000e+00  0.000000e+00  0.000000e+00  
-1.7616  6.718315e-02  0.000000e+00  0.000000e+00  0.000000e+00  0.000000e+00  0.000000e+00  
-1.75913  6.813175e-02  0.000000e+00  0.000000e+00  0.000000e+00  0.000000e+00  0.000000e+00  
-1.75667  6.909359e-02  0.000000e+00  0.000000e+00  0.000000e+00  0.000000e+00  0.000000e+00  
-1.75422  7.028946e-02  0.000000e+00  0.000000e+00  0.000000e+00  0.000000e+00  0.000000e+00  
-1.75179  7.178341e-02  0.000000e+00  0.000000e+00  0.000000e+00  0.000000e+00  0.000000e+00  
-1.74937  7.258720e-02  0.000000e+00  0.000000e+00  0.000000e+00  0.000000e+00  0.000000e+00  
-1.74696  7.333004e-02  0.000000e+00  0.000000e+00  0.000000e+00  0.000000e+00  0.000000e+00  
-1.74457  7.488767e-02  0.000000e+00  0.000000e+00  0.000000e+00  0.000000e+00  0.000000e+00  
-1.74219  7.620522e-02  0.000000e+00  0.000000e+00  0.000000e+00  0.000000e+00  0.000000e+00  
-1.73983  7.728109e-02  0.000000e+00  0.000000e+00  0.000000e+00  0.000000e+00  0.000000e+00  
-1.73747  7.837212e-02  0.000000e+00  0.000000e+00  0.000000e+00  0.000000e+00  0.000000e+00  
-1.73513  7.887264e-02  0.000000e+00  0.000000e+00  0.000000e+00  0.000000e+00  0.000000e+00  
-1.7328  7.949371e-02  0.000000e+00  0.000000e+00  0.000000e+00  0.000000e+00  0.000000e+00  
-1.73049  8.061564e-02  0.000000e+00  0.000000e+00  0.000000e+00  0.000000e+00  0.000000e+00  
-1.72819  8.175336e-02  0.000000e+00  0.000000e+00  0.000000e+00  0.000000e+00  0.000000e+00  
-1.72589  8.290754e-02  0.000000e+00  0.000000e+00  0.000000e+00  0.000000e+00  0.000000e+00  
-1.72362  8.407811e-02  0.000000e+00  0.000000e+00  0.000000e+00  0.000000e+00  0.000000e+00  
-1.72135  8.526568e-02  0.000000e+00  0.000000e+00  0.000000e+00  0.000000e+00  0.000000e+00  
-1.71909  8.646930e-02  0.000000e+00  0.000000e+00  0.000000e+00  0.000000e+00  0.000000e+00  
-1.71685  8.769026e-02  0.000000e+00  0.000000e+00  0.000000e+00  0.000000e+00  0.000000e+00  
-1.71462  8.892801e-02  0.000000e+00  0.000000e+00  0.000000e+00  0.000000e+00  0.000000e+00  
-1.7124  9.018373e-02  0.000000e+00  0.000000e+00  0.000000e+00  0.000000e+00  0.000000e+00  
-1.71019  9.145740e-02  0.000000e+00  0.000000e+00  0.000000e+00  0.000000e+00  0.000000e+00  
-1.70799  9.274836e-02  0.000000e+00  0.000000e+00  0.000000e+00  0.000000e+00  0.000000e+00  
-1.7058  9.405905e-02  0.000000e+00  0.000000e+00  0.000000e+00  0.000000e+00  0.000000e+00  
-1.70362  9.442125e-02  0.000000e+00  0.000000e+00  0.000000e+00  0.000000e+00  0.000000e+00  
-1.70146  9.442092e-02  0.000000e+00  0.000000e+00  0.000000e+00  0.000000e+00  0.000000e+00  
-1.6993  9.542008e-02  0.000000e+00  0.000000e+00  0.000000e+00  0.000000e+00  0.000000e+00  
-1.69716  9.676640e-02  0.000000e+00  0.000000e+00  0.000000e+00  0.000000e+00  0.000000e+00  
-1.69503  9.813297e-02  0.000000e+00  0.000000e+00  0.000000e+00  0.000000e+00  0.000000e+00  
-1.6929  9.951787e-02  0.000000e+00  0.000000e+00  0.000000e+00  0.000000e+00  0.000000e+00  
-1.69079  1.009232e-01  0.000000e+00  0.000000e+00  0.000000e+00  0.000000e+00  0.000000e+00  
-1.68869  1.023488e-01  0.000000e+00  0.000000e+00  0.000000e+00  0.000000e+00  0.000000e+00  
-1.6866  1.037944e-01  0.000000e+00  0.000000e+00  0.000000e+00  0.000000e+00  0.000000e+00  
-1.68451  1.052591e-01  0.000000e+00  0.000000e+00  0.000000e+00  0.000000e+00  0.000000e+00  
-1.68244  1.067444e-01  0.000000e+00  0.000000e+00  0.000000e+00  0.000000e+00  0.000000e+00  
-1.68038  1.082518e-01  0.000000e+00  0.000000e+00  0.000000e+00  0.000000e+00  0.000000e+00  
-1.67833  1.097807e-01  0.000000e+00  0.000000e+00  0.000000e+00  0.000000e+00  0.000000e+00  
-1.67628  1.113300e-01  0.000000e+00  0.000000e+00  0.000000e+00  0.000000e+00  0.000000e+00  
-1.67425  1.129022e-01  0.000000e+00  0.000000e+00  0.000000e+00  0.000000e+00  0.000000e+00  
-1.67222  1.130345e-01  0.000000e+00  0.000000e+00  0.000000e+00  0.000000e+00  0.000000e+00  
-1.67021  1.145159e-01  0.000000e+00  0.000000e+00  0.000000e+00  0.000000e+00  0.000000e+00  
-1.6682  1.161335e-01  0.000000e+00  0.000000e+00  0.000000e+00  0.000000e+00  0.000000e+00  
-1.66621  1.185657e-01  0.000000e+00  0.000000e+00  0.000000e+00  0.000000e+00  0.000000e+00  
-1.66422  1.202680e-01  0.000000e+00  0.000000e+00  0.000000e+00  0.000000e+00  0.000000e+00  
-1.66224  1.219650e-01  0.000000e+00  0.000000e+00  0.000000e+00  0.000000e+00  0.000000e+00  
-1.66027  1.228315e-01  0.000000e+00  0.000000e+00  0.000000e+00  0.000000e+00  0.000000e+00  
-1.65831  1.245666e-01  0.000000e+00  0.000000e+00  0.000000e+00  0.000000e+00  0.000000e+00  
-1.65636  1.263246e-01  0.000000e+00  0.000000e+00  0.000000e+00  0.000000e+00  0.000000e+00  
-1.65442  1.281091e-01  0.000000e+00  0.000000e+00  0.000000e+00  0.000000e+00  0.000000e+00  
-1.65249  1.298656e-01  0.000000e+00  0.000000e+00  0.000000e+00  0.000000e+00  0.000000e+00  
-1.65056  1.307821e-01  0.000000e+00  0.000000e+00  0.000000e+00  0.000000e+00  0.000000e+00  
-1.64864  1.317761e-01  0.000000e+00  0.000000e+00  0.000000e+00  0.000000e+00  0.000000e+00  
-1.64673  1.335467e-01  0.000000e+00  0.000000e+00  0.000000e+00  0.000000e+00  0.000000e+00  
-1.64483  1.344888e-01  0.000000e+00  0.000000e+00  0.000000e+00  0.000000e+00  0.000000e+00  
-1.64294  1.355465e-01  0.000000e+00  0.000000e+00  0.000000e+00  0.000000e+00  0.000000e+00  
-1.64106  1.374614e-01  0.000000e+00  0.000000e+00  0.000000e+00  0.000000e+00  0.000000e+00  
-1.63918  1.391151e-01  0.000000e+00  0.000000e+00  0.000000e+00  0.000000e+00  0.000000e+00  
-1.63732  1.394265e-01  0.000000e+00  0.000000e+00  0.000000e+00  0.000000e+00  0.000000e+00  
-1.63546  1.412247e-01  0.000000e+00  0.000000e+00  0.000000e+00  0.000000e+00  0.000000e+00  
-1.6336  1.422197e-01  0.000000e+00  0.000000e+00  0.000000e+00  0.000000e+00  0.000000e+00  
-1.63176  1.434176e-01  0.000000e+00  0.000000e+00  0.000000e+00  0.000000e+00  0.000000e+00  
-1.62993  1.450123e-01  0.000000e+00  0.000000e+00  0.000000e+00  0.000000e+00  0.000000e+00  
-1.6281  1.454679e-01  0.000000e+00  0.000000e+00  0.000000e+00  0.000000e+00  0.000000e+00  
-1.62628  1.470327e-01  0.000000e+00  0.000000e+00  0.000000e+00  0.000000e+00  0.000000e+00  
-1.62446  1.475476e-01  0.000000e+00  0.000000e+00  0.000000e+00  0.000000e+00  0.000000e+00  
-1.62266  1.493564e-01  0.000000e+00  0.000000e+00  0.000000e+00  0.000000e+00  0.000000e+00  
-1.62086  1.504081e-01  0.000000e+00  0.000000e+00  0.000000e+00  0.000000e+00  0.000000e+00  
-1.61907  1.517710e-01  0.000000e+00  0.000000e+00  0.000000e+00  0.000000e+00  0.000000e+00  
-1.61729  1.532654e-01  0.000000e+00  0.000000e+00  0.000000e+00  0.000000e+00  0.000000e+00  
-1.61551  1.539408e-01  0.000000e+00  0.000000e+00  0.000000e+00  0.000000e+00  0.000000e+00  
-1.61374  1.554009e-01  0.000000e+00  0.000000e+00  0.000000e+00  0.000000e+00  0.000000e+00  
-1.61198  1.561415e-01  0.000000e+00  0.000000e+00  0.000000e+00  0.000000e+00  0.000000e+00  
-1.61023  1.579566e-01  0.000000e+00  0.000000e+00  0.000000e+00  0.000000e+00  0.000000e+00  
-1.60848  1.590686e-01  0.000000e+00  0.000000e+00  0.000000e+00  0.000000e+00  0.000000e+00  
-1.60674  1.606107e-01  0.000000e+00  0.000000e+00  0.000000e+00  0.000000e+00  0.000000e+00  
-1.60501  1.619883e-01  0.000000e+00  0.000000e+00  0.000000e+00  0.000000e+00  0.000000e+00  
-1.60328  1.629067e-01  0.000000e+00  0.000000e+00  0.000000e+00  0.000000e+00  0.000000e+00  
-1.60156  1.642454e-01  0.000000e+00  0.000000e+00  0.000000e+00  0.000000e+00  0.000000e+00  
-1.59985  1.652369e-01  0.000000e+00  0.000000e+00  0.000000e+00  0.000000e+00  0.000000e+00  
-1.59814  1.675695e-01  0.000000e+00  0.000000e+00  0.000000e+00  0.000000e+00  0.000000e+00  
-1.59644  1.688548e-01  0.000000e+00  0.000000e+00  0.000000e+00  0.000000e+00  0.000000e+00  
-1.59475  1.699651e-01  0.000000e+00  0.000000e+00  0.000000e+00  0.000000e+00  0.000000e+00  
-1.59306  1.712077e-01  0.000000e+00  0.000000e+00  0.000000e+00  0.000000e+00  0.000000e+00  
-1.59138  1.723972e-01  0.000000e+00  0.000000e+00  0.000000e+00  0.000000e+00  0.000000e+00  
-1.58971  1.735933e-01  0.000000e+00  0.000000e+00  0.000000e+00  0.000000e+00  0.000000e+00  
-1.58804  1.748603e-01  0.000000e+00  0.000000e+00  0.000000e+00  0.000000e+00  0.000000e+00  
-1.58638  1.773290e-01  0.000000e+00  0.000000e+00  0.000000e+00  0.000000e+00  0.000000e+00  
-1.58473  1.784652e-01  0.000000e+00  0.000000e+00  0.000000e+00  0.000000e+00  0.000000e+00  
-1.58308  1.798651e-01  0.000000e+00  0.000000e+00  0.000000e+00  0.000000e+00  0.000000e+00  
-1.58144  1.809518e-01  0.000000e+00  0.000000e+00  0.000000e+00  0.000000e+00  0.000000e+00  
-1.5798  1.824371e-01  0.000000e+00  0.000000e+00  0.000000e+00  0.000000e+00  0.000000e+00  
-1.57817  1.834730e-01  0.000000e+00  0.000000e+00  0.000000e+00  0.000000e+00  0.000000e+00  
-1.57655  1.850454e-01  0.000000e+00  0.000000e+00  0.000000e+00  0.000000e+00  0.000000e+00  
-1.57493  1.876576e-01  0.000000e+00  0.000000e+00  0.000000e+00  0.000000e+00  0.000000e+00  
-1.57332  1.886222e-01  0.000000e+00  0.000000e+00  0.000000e+00  0.000000e+00  0.000000e+00  
-1.57172  1.903409e-01  0.000000e+00  0.000000e+00  0.000000e+00  0.000000e+00  0.000000e+00  
-1.57012  1.912504e-01  0.000000e+00  0.000000e+00  0.000000e+00  0.000000e+00  0.000000e+00  
-1.56852  1.930634e-01  0.000000e+00  0.000000e+00  0.000000e+00  0.000000e+00  0.000000e+00  
-1.56694  1.948514e-01  0.000000e+00  0.000000e+00  0.000000e+00  0.000000e+00  0.000000e+00  
-1.56535  1.962199e-01  0.000000e+00  0.000000e+00  0.000000e+00  0.000000e+00  0.000000e+00  
-1.56378  1.985860e-01  0.000000e+00  0.000000e+00  0.000000e+00  0.000000e+00  0.000000e+00  
-1.56221  1.993573e-01  0.000000e+00  0.000000e+00  0.000000e+00  0.000000e+00  0.000000e+00  
-1.56064  2.014266e-01  0.000000e+00  0.000000e+00  0.000000e+00  0.000000e+00  0.000000e+00  
-1.55908  2.042717e-01  0.000000e+00  0.000000e+00  0.000000e+00  0.000000e+00  0.000000e+00  
-1.55753  2.049524e-01  0.000000e+00  0.000000e+00  0.000000e+00  0.000000e+00  0.000000e+00  
-1.55598  2.071892e-01  0.000000e+00  0.000000e+00  0.000000e+00  0.000000e+00  0.000000e+00  
-1.55444  2.078081e-01  0.000000e+00  0.000000e+00  0.000000e+00  0.000000e+00  0.000000e+00  
-1.5529  2.101530e-01  0.000000e+00  0.000000e+00  0.000000e+00  0.000000e+00  0.000000e+00  
-1.55137  2.119112e-01  0.000000e+00  0.000000e+00  0.000000e+00  0.000000e+00  0.000000e+00  
-1.54985  2.133985e-01  0.000000e+00  0.000000e+00  0.000000e+00  0.000000e+00  0.000000e+00  
-1.54832  2.161675e-01  0.000000e+00  0.000000e+00  0.000000e+00  0.000000e+00  0.000000e+00  
-1.54681  2.166168e-01  0.000000e+00  0.000000e+00  0.000000e+00  0.000000e+00  0.000000e+00  
-1.5453  2.192572e-01  0.000000e+00  0.000000e+00  0.000000e+00  0.000000e+00  0.000000e+00  
-1.54379  2.223512e-01  0.000000e+00  0.000000e+00  0.000000e+00  0.000000e+00  0.000000e+00  
-1.54229  2.226964e-01  0.000000e+00  0.000000e+00  0.000000e+00  0.000000e+00  0.000000e+00  
-1.5408  2.255321e-01  0.000000e+00  0.000000e+00  0.000000e+00  0.000000e+00  0.000000e+00  
-1.53931  2.287146e-01  0.000000e+00  0.000000e+00  0.000000e+00  0.000000e+00  0.000000e+00  
-1.53783  2.289463e-01  0.000000e+00  0.000000e+00  0.000000e+00  0.000000e+00  0.000000e+00  
-1.53635  2.319836e-01  0.000000e+00  0.000000e+00  0.000000e+00  0.000000e+00  0.000000e+00  
-1.53487  2.321364e-01  0.000000e+00  0.000000e+00  0.000000e+00  0.000000e+00  0.000000e+00  
-1.5334  2.352992e-01  0.000000e+00  0.000000e+00  0.000000e+00  0.000000e+00  0.000000e+00  
-1.53194  2.353708e-01  0.000000e+00  0.000000e+00  0.000000e+00  0.000000e+00  0.000000e+00  
-1.53048  2.386623e-01  0.000000e+00  0.000000e+00  0.000000e+00  0.000000e+00  0.000000e+00  
-1.52902  2.419773e-01  0.000000e+00  0.000000e+00  0.000000e+00  0.000000e+00  0.000000e+00  
-1.52757  2.419765e-01  0.000000e+00  0.000000e+00  0.000000e+00  0.000000e+00  0.000000e+00  
-1.52613  2.421188e-01  0.000000e+00  0.000000e+00  0.000000e+00  0.000000e+00  0.000000e+00  
-1.52469  2.454435e-01  0.000000e+00  0.000000e+00  0.000000e+00  0.000000e+00  0.000000e+00  
-1.52325  2.471740e-01  0.000000e+00  0.000000e+00  0.000000e+00  0.000000e+00  0.000000e+00  
-1.52182  2.490496e-01  0.000000e+00  0.000000e+00  0.000000e+00  0.000000e+00  0.000000e+00  
-1.5204  2.522339e-01  0.000000e+00  0.000000e+00  0.000000e+00  0.000000e+00  0.000000e+00  
-1.51898  2.526103e-01  0.000000e+00  0.000000e+00  0.000000e+00  0.000000e+00  0.000000e+00  
-1.51756  2.557483e-01  0.000000e+00  0.000000e+00  0.000000e+00  0.000000e+00  0.000000e+00  
-1.51615  2.562219e-01  0.000000e+00  0.000000e+00  0.000000e+00  0.000000e+00  0.000000e+00  
-1.51474  2.595766e-01  0.000000e+00  0.000000e+00  0.000000e+00  0.000000e+00  0.000000e+00  
-1.51334  2.614070e-01  0.000000e+00  0.000000e+00  0.000000e+00  0.000000e+00  0.000000e+00  
-1.51194  2.635561e-01  0.000000e+00  0.000000e+00  0.000000e+00  0.000000e+00  0.000000e+00  
-1.51054  2.665894e-01  0.000000e+00  0.000000e+00  0.000000e+00  0.000000e+00  0.000000e+00  
-1.50915  2.673242e-01  0.000000e+00  0.000000e+00  0.000000e+00  0.000000e+00  0.000000e+00  
-1.50777  2.703040e-01  0.000000e+00  0.000000e+00  0.000000e+00  0.000000e+00  0.000000e+00  
-1.50639  2.711490e-01  0.000000e+00  0.000000e+00  0.000000e+00  0.000000e+00  0.000000e+00  
-1.50501  2.745232e-01  0.000000e+00  0.000000e+00  0.000000e+00  0.000000e+00  0.000000e+00  
-1.50364  2.764577e-01  0.000000e+00  0.000000e+00  0.000000e+00  0.000000e+00  0.000000e+00  
-1.50227  2.778890e-01  0.000000e+00  0.000000e+00  0.000000e+00  0.000000e+00  0.000000e+00  
-1.50091  2.789580e-01  0.000000e+00  0.000000e+00  0.000000e+00  0.000000e+00  0.000000e+00  
-1.49955  2.817610e-01  0.000000e+00  0.000000e+00  0.000000e+00  0.000000e+00  0.000000e+00  
-1.4982  2.817598e-01  0.000000e+00  0.000000e+00  0.000000e+00  0.000000e+00  0.000000e+00  
-1.49684  2.817588e-01  0.000000e+00  0.000000e+00  0.000000e+00  0.000000e+00  0.000000e+00  
-1.4955  2.830451e-01  0.000000e+00  0.000000e+00  0.000000e+00  0.000000e+00  0.000000e+00  
-1.49416  2.856847e-01  0.000000e+00  0.000000e+00  0.000000e+00  0.000000e+00  0.000000e+00  
-1.49282  2.863888e-01  0.000000e+00  0.000000e+00  0.000000e+00  0.000000e+00  0.000000e+00  
-1.49148  2.898860e-01  0.000000e+00  0.000000e+00  0.000000e+00  0.000000e+00  0.000000e+00  
-1.49015  2.937024e-01  0.000000e+00  0.000000e+00  0.000000e+00  0.000000e+00  0.000000e+00  
-1.48883  2.953088e-01  0.000000e+00  0.000000e+00  0.000000e+00  0.000000e+00  0.000000e+00  
-1.48751  2.994803e-01  0.000000e+00  0.000000e+00  0.000000e+00  0.000000e+00  0.000000e+00  
-1.48619  3.019452e-01  0.000000e+00  0.000000e+00  0.000000e+00  0.000000e+00  0.000000e+00  
-1.48487  3.037616e-01  0.000000e+00  0.000000e+00  0.000000e+00  0.000000e+00  0.000000e+00  
-1.48356  3.061524e-01  0.000000e+00  0.000000e+00  0.000000e+00  0.000000e+00  0.000000e+00  
-1.48226  3.061512e-01  0.000000e+00  0.000000e+00  0.000000e+00  0.000000e+00  0.000000e+00  
-1.48096  3.081599e-01  0.000000e+00  0.000000e+00  0.000000e+00  0.000000e+00  0.000000e+00  
-1.47966  3.104169e-01  0.000000e+00  0.000000e+00  0.000000e+00  0.000000e+00  0.000000e+00  
-1.47836  3.125649e-01  0.000000e+00  0.000000e+00  0.000000e+00  0.000000e+00  0.000000e+00  
-1.47707  3.147422e-01  0.000000e+00  0.000000e+00  0.000000e+00  0.000000e+00  0.000000e+00  
-1.47579  3.170331e-01  0.000000e+00  0.000000e+00  0.000000e+00  0.000000e+00  0.000000e+00  
-1.4745  3.191276e-01  0.000000e+00  0.000000e+00  0.000000e+00  0.000000e+00  0.000000e+00  
-1.47323  3.215692e-01  0.000000e+00  0.000000e+00  0.000000e+00  0.000000e+00  0.000000e+00  
-1.47195  3.235742e-01  0.000000e+00  0.000000e+00  0.000000e+00  0.000000e+00  0.000000e+00  
-1.47068  3.261656e-01  0.000000e+00  0.000000e+00  0.000000e+00  0.000000e+00  0.000000e+00  
-1.46941  3.280826e-01  0.000000e+00  0.000000e+00  0.000000e+00  0.000000e+00  0.000000e+00  
-1.46815  3.308287e-01  0.000000e+00  0.000000e+00  0.000000e+00  0.000000e+00  0.000000e+00  
-1.46689  3.326541e-01  0.000000e+00  0.000000e+00  0.000000e+00  0.000000e+00  0.000000e+00  
-1.46563  3.355579e-01  0.000000e+00  0.000000e+00  0.000000e+00  0.000000e+00  0.000000e+00  
-1.46438  3.372891e-01  0.000000e+00  0.000000e+00  0.000000e+00  0.000000e+00  0.000000e+00  
-1.46313  3.403575e-01  0.000000e+00  0.000000e+00  0.000000e+00  0.000000e+00  0.000000e+00  
-1.46188  3.419887e-01  0.000000e+00  0.000000e+00  0.000000e+00  0.000000e+00  0.000000e+00  
-1.46064  3.452195e-01  0.000000e+00  0.000000e+00  0.000000e+00  0.000000e+00  0.000000e+00  
-1.4594  3.467537e-01  0.000000e+00  0.000000e+00  0.000000e+00  0.000000e+00  0.000000e+00  
-1.45816  3.501555e-01  0.000000e+00  0.000000e+00  0.000000e+00  0.000000e+00  0.000000e+00  
-1.45693  3.515854e-01  0.000000e+00  0.000000e+00  0.000000e+00  0.000000e+00  0.000000e+00  
-1.4557  3.551604e-01  0.000000e+00  0.000000e+00  0.000000e+00  0.000000e+00  0.000000e+00  
-1.45448  3.564841e-01  0.000000e+00  0.000000e+00  0.000000e+00  0.000000e+00  0.000000e+00  
-1.45326  3.564828e-01  0.000000e+00  0.000000e+00  0.000000e+00  0.000000e+00  0.000000e+00  
-1.45204  3.603020e-01  0.000000e+00  0.000000e+00  0.000000e+00  0.000000e+00  0.000000e+00  
-1.45082  3.614498e-01  0.000000e+00  0.000000e+00  0.000000e+00  0.000000e+00  0.000000e+00  
-1.44961  3.654519e-01  0.000000e+00  0.000000e+00  0.000000e+00  0.000000e+00  0.000000e+00  
-1.44841  3.664861e-01  0.000000e+00  0.000000e+00  0.000000e+00  0.000000e+00  0.000000e+00  
-1.4472  3.706797e-01  0.000000e+00  0.000000e+00  0.000000e+00  0.000000e+00  0.000000e+00  
-1.446  3.715925e-01  0.000000e+00  0.000000e+00  0.000000e+00  0.000000e+00  0.000000e+00  
-1.4448  3.759787e-01  0.000000e+00  0.000000e+00  0.000000e+00  0.000000e+00  0.000000e+00  
-1.44361  3.767700e-01  0.000000e+00  0.000000e+00  0.000000e+00  0.000000e+00  0.000000e+00  
-1.44242  3.813518e-01  0.000000e+00  0.000000e+00  0.000000e+00  0.000000e+00  0.000000e+00  
-1.44123  3.820199e-01  0.000000e+00  0.000000e+00  0.000000e+00  0.000000e+00  0.000000e+00  
-1.44004  3.820184e-01  0.000000e+00  0.000000e+00  0.000000e+00  0.000000e+00  0.000000e+00  
-1.43886  3.868724e-01  0.000000e+00  0.000000e+00  0.000000e+00  0.000000e+00  0.000000e+00  
-1.43768  3.873412e-01  0.000000e+00  0.000000e+00  0.000000e+00  0.000000e+00  0.000000e+00  
-1.43651  3.924023e-01  0.000000e+00  0.000000e+00  0.000000e+00  0.000000e+00  0.000000e+00  
-1.43534  3.927382e-01  0.000000e+00  0.000000e+00  0.000000e+00  0.000000e+00  0.000000e+00  
-1.43417  3.980105e-01  0.000000e+00  0.000000e+00  0.000000e+00  0.000000e+00  0.000000e+00  
-1.433  3.982105e-01  0.000000e+00  0.000000e+00  0.000000e+00  0.000000e+00  0.000000e+00  
-1.43184  4.036991e-01  0.000000e+00  0.000000e+00  0.000000e+00  0.000000e+00  0.000000e+00  
-1.43068  4.037589e-01  0.000000e+00  0.000000e+00  0.000000e+00  0.000000e+00  0.000000e+00  
-1.42952  4.038458e-01  0.000000e+00  0.000000e+00  0.000000e+00  0.000000e+00  0.000000e+00  
-1.42837  4.093848e-01  0.000000e+00  0.000000e+00  0.000000e+00  0.000000e+00  0.000000e+00  
-1.42722  4.096196e-01  0.000000e+00  0.000000e+00  0.000000e+00  0.000000e+00  0.000000e+00  
-1.42607  4.150889e-01  0.000000e+00  0.000000e+00  0.000000e+00  0.000000e+00  0.000000e+00  
-1.42493  4.154763e-01  0.000000e+00  0.000000e+00  0.000000e+00  0.000000e+00  0.000000e+00  
-1.42379  4.208726e-01  0.000000e+00  0.000000e+00  0.000000e+00  0.000000e+00  0.000000e+00  
-1.42265  4.214162e-01  0.000000e+00  0.000000e+00  0.000000e+00  0.000000e+00  0.000000e+00  
-1.42151  4.267368e-01  0.000000e+00  0.000000e+00  0.000000e+00  0.000000e+00  0.000000e+00  
-1.42038  4.267351e-01  0.000000e+00  0.000000e+00  0.000000e+00  0.000000e+00  0.000000e+00  
-1.41925  4.275194e-01  0.000000e+00  0.000000e+00  0.000000e+00  0.000000e+00  0.000000e+00  
-1.41813  4.326810e-01  0.000000e+00  0.000000e+00  0.000000e+00  0.000000e+00  0.000000e+00  
-1.417  4.336315e-01  0.000000e+00  0.000000e+00  0.000000e+00  0.000000e+00  0.000000e+00  
-1.41588  4.387099e-01  0.000000e+00  0.000000e+00  0.000000e+00  0.000000e+00  0.000000e+00  
-1.41476  4.398311e-01  0.000000e+00  0.000000e+00  0.000000e+00  0.000000e+00  0.000000e+00  
-1.41365  4.448225e-01  0.000000e+00  0.000000e+00  0.000000e+00  0.000000e+00  0.000000e+00  
-1.41254  4.448209e-01  0.000000e+00  0.000000e+00  0.000000e+00  0.000000e+00  0.000000e+00  
-1.41143  4.462004e-01  0.000000e+00  0.000000e+00  0.000000e+00  0.000000e+00  0.000000e+00  
-1.41032  4.510188e-01  0.000000e+00  0.000000e+00  0.000000e+00  0.000000e+00  0.000000e+00  
-1.40922  4.525795e-01  0.000000e+00  0.000000e+00  0.000000e+00  0.000000e+00  0.000000e+00  
-1.40812  4.573031e-01  0.000000e+00  0.000000e+00  0.000000e+00  0.000000e+00  0.000000e+00  
-1.40702  4.590543e-01  0.000000e+00  0.000000e+00  0.000000e+00  0.000000e+00  0.000000e+00  
-1.40592  4.636749e-01  0.000000e+00  0.000000e+00  0.000000e+00  0.000000e+00  0.000000e+00  
-1.40483  4.636732e-01  0.000000e+00  0.000000e+00  0.000000e+00  0.000000e+00  0.000000e+00  
-1.40374  4.656970e-01  0.000000e+00  0.000000e+00  0.000000e+00  0.000000e+00  0.000000e+00  
-1.40265  4.701336e-01  0.000000e+00  0.000000e+00  0.000000e+00  0.000000e+00  0.000000e+00  
-1.40157  4.723589e-01  0.000000e+00  0.000000e+00  0.000000e+00  0.000000e+00  0.000000e+00  
-1.40049  4.766844e-01  0.000000e+00  0.000000e+00  0.000000e+00  0.000000e+00  0.000000e+00  
-1.39941  4.766825e-01  0.000000e+00  0.000000e+00  0.000000e+00  0.000000e+00  0.000000e+00  
-1.39833  4.791943e-01  0.000000e+00  0.000000e+00  0.000000e+00  0.000000e+00  0.000000e+00  
-1.39726  4.833243e-01  0.000000e+00  0.000000e+00  0.000000e+00  0.000000e+00  0.000000e+00  
-1.39619  4.860447e-01  0.000000e+00  0.000000e+00  0.000000e+00  0.000000e+00  0.000000e+00  
-1.39512  4.900587e-01  0.000000e+00  0.000000e+00  0.000000e+00  0.000000e+00  0.000000e+00  
-1.39406  4.929969e-01  0.000000e+00  0.000000e+00  0.000000e+00  0.000000e+00  0.000000e+00  
-1.39299  4.968869e-01  0.000000e+00  0.000000e+00  0.000000e+00  0.000000e+00  0.000000e+00  
-1.39193  4.968852e-01  0.000000e+00  0.000000e+00  0.000000e+00  0.000000e+00  0.000000e+00  
-1.39087  5.001314e-01  0.000000e+00  0.000000e+00  0.000000e+00  0.000000e+00  0.000000e+00  
-1.38982  5.071994e-01  0.000000e+00  0.000000e+00  0.000000e+00  0.000000e+00  0.000000e+00  
-1.38877  5.108302e-01  0.000000e+00  0.000000e+00  0.000000e+00  0.000000e+00  0.000000e+00  
-1.38772  5.108283e-01  0.000000e+00  0.000000e+00  0.000000e+00  0.000000e+00  0.000000e+00  
-1.38667  5.145358e-01  0.000000e+00  0.000000e+00  0.000000e+00  0.000000e+00  0.000000e+00  
-1.38562  5.179459e-01  0.000000e+00  0.000000e+00  0.000000e+00  0.000000e+00  0.000000e+00  
-1.38458  5.218948e-01  0.000000e+00  0.000000e+00  0.000000e+00  0.000000e+00  0.000000e+00  
-1.38354  5.251627e-01  0.000000e+00  0.000000e+00  0.000000e+00  0.000000e+00  0.000000e+00  
-1.3825  5.251607e-01  0.000000e+00  0.000000e+00  0.000000e+00  0.000000e+00  0.000000e+00  
-1.38147  5.294499e-01  0.000000e+00  0.000000e+00  0.000000e+00  0.000000e+00  0.000000e+00  
-1.38044  5.324780e-01  0.000000e+00  0.000000e+00  0.000000e+00  0.000000e+00  0.000000e+00  
-1.37941  5.324760e-01  0.000000e+00  0.000000e+00  0.000000e+00  0.000000e+00  0.000000e+00  
-1.37838  5.371121e-01  0.000000e+00  0.000000e+00  0.000000e+00  0.000000e+00  0.000000e+00  
-1.37735  5.398953e-01  0.000000e+00  0.000000e+00  0.000000e+00  0.000000e+00  0.000000e+00  
-1.37633  5.447922e-01  0.000000e+00  0.000000e+00  0.000000e+00  0.000000e+00  0.000000e+00  
-1.37531  5.474179e-01  0.000000e+00  0.000000e+00  0.000000e+00  0.000000e+00  0.000000e+00  
-1.37429  5.474158e-01  0.000000e+00  0.000000e+00  0.000000e+00  0.000000e+00  0.000000e+00  
-1.37328  5.526766e-01  0.000000e+00  0.000000e+00  0.000000e+00  0.000000e+00  0.000000e+00  
-1.37226  5.550432e-01  0.000000e+00  0.000000e+00  0.000000e+00  0.000000e+00  0.000000e+00  
-1.37125  5.550412e-01  0.000000e+00  0.000000e+00  0.000000e+00  0.000000e+00  0.000000e+00  
-1.37024  5.606813e-01  0.000000e+00  0.000000e+00  0.000000e+00  0.000000e+00  0.000000e+00  
-1.36924  5.627746e-01  0.000000e+00  0.000000e+00  0.000000e+00  0.000000e+00  0.000000e+00  
-1.36823  5.627727e-01  0.000000e+00  0.000000e+00  0.000000e+00  0.000000e+00  0.000000e+00  
-1.36723  5.687945e-01  0.000000e+00  0.000000e+00  0.000000e+00  0.000000e+00  0.000000e+00  
-1.36623  5.706140e-01  0.000000e+00  0.000000e+00  0.000000e+00  0.000000e+00  0.000000e+00  
-1.36523  5.706119e-01  0.000000e+00  0.000000e+00  0.000000e+00  0.000000e+00  0.000000e+00  
-1.36424  5.770271e-01  0.000000e+00  0.000000e+00  0.000000e+00  0.000000e+00  0.000000e+00  
-1.36325  5.785625e-01  0.000000e+00  0.000000e+00  0.000000e+00  0.000000e+00  0.000000e+00  
-1.36226  5.819175e-01  0.000000e+00  0.000000e+00  0.000000e+00  0.000000e+00  0.000000e+00  
-1.36127  5.860022e-01  0.000000e+00  0.000000e+00  0.000000e+00  0.000000e+00  0.000000e+00  
-1.36028  5.866217e-01  0.000000e+00  0.000000e+00  0.000000e+00  0.000000e+00  0.000000e+00  
-1.3593  5.937475e-01  0.000000e+00  0.000000e+00  0.000000e+00  0.000000e+00  0.000000e+00  
-1.35832  5.947953e-01  0.000000e+00  0.000000e+00  0.000000e+00  0.000000e+00  0.000000e+00  
-1.35734  5.947932e-01  0.000000e+00  0.000000e+00  0.000000e+00  0.000000e+00  0.000000e+00  
-1.35636  6.023350e-01  0.000000e+00  0.000000e+00  0.000000e+00  0.000000e+00  0.000000e+00  
-1.35539  6.030807e-01  0.000000e+00  0.000000e+00  0.000000e+00  0.000000e+00  0.000000e+00  
-1.35441  6.030783e-01  0.000000e+00  0.000000e+00  0.000000e+00  0.000000e+00  0.000000e+00  
-1.35344  6.110540e-01  0.000000e+00  0.000000e+00  0.000000e+00  0.000000e+00  0.000000e+00  
-1.35248  6.114814e-01  0.000000e+00  0.000000e+00  0.000000e+00  0.000000e+00  0.000000e+00  
-1.35151  6.114791e-01  0.000000e+00  0.000000e+00  0.000000e+00  0.000000e+00  0.000000e+00  
-1.35055  6.198988e-01  0.000000e+00  0.000000e+00  0.000000e+00  0.000000e+00  0.000000e+00  
-1.34958  6.199992e-01  0.000000e+00  0.000000e+00  0.000000e+00  0.000000e+00  0.000000e+00  
-1.34862  6.201153e-01  0.000000e+00  0.000000e+00  0.000000e+00  0.000000e+00  0.000000e+00  
-1.34767  6.286378e-01  0.000000e+00  0.000000e+00  0.000000e+00  0.000000e+00  0.000000e+00  
-1.34671  6.288084e-01  0.000000e+00  0.000000e+00  0.000000e+00  0.000000e+00  0.000000e+00  
-1.34576  6.332466e-01  0.000000e+00  0.000000e+00  0.000000e+00  0.000000e+00  0.000000e+00  
-1.34481  6.373946e-01  0.000000e+00  0.000000e+00  0.000000e+00  0.000000e+00  0.000000e+00  
-1.34386  6.380906e-01  0.000000e+00  0.000000e+00  0.000000e+00  0.000000e+00  0.000000e+00  
-1.34291  6.462757e-01  0.000000e+00  0.000000e+00  0.000000e+00  0.000000e+00  0.000000e+00  
-1.34196  6.462732e-01  0.000000e+00  0.000000e+00  0.000000e+00  0.000000e+00  0.000000e+00  
-1.34102  6.473305e-01  0.000000e+00  0.000000e+00  0.000000e+00  0.000000e+00  0.000000e+00  
-1.34008  6.552781e-01  0.000000e+00  0.000000e+00  0.000000e+00  0.000000e+00  0.000000e+00  
-1.33914  6.552756e-01  0.000000e+00  0.000000e+00  0.000000e+00  0.000000e+00  0.000000e+00  
-1.33821  6.567048e-01  0.000000e+00  0.000000e+00  0.000000e+00  0.000000e+00  0.000000e+00  
-1.33727  6.644058e-01  0.000000e+00  0.000000e+00  0.000000e+00  0.000000e+00  0.000000e+00  
-1.33634  6.644033e-01  0.000000e+00  0.000000e+00  0.000000e+00  0.000000e+00  0.000000e+00  
-1.33541  6.662069e-01  0.000000e+00  0.000000e+00  0.000000e+00  0.000000e+00  0.000000e+00  
-1.33448  6.736608e-01  0.000000e+00  0.000000e+00  0.000000e+00  0.000000e+00  0.000000e+00  
-1.33355  6.736583e-01  0.000000e+00  0.000000e+00  0.000000e+00  0.000000e+00  0.000000e+00  
-1.33263  6.758544e-01  0.000000e+00  0.000000e+00  0.000000e+00  0.000000e+00  0.000000e+00  
-1.3317  6.830447e-01  0.000000e+00  0.000000e+00  0.000000e+00  0.000000e+00  0.000000e+00  
-1.33078  6.855167e-01  0.000000e+00  0.000000e+00  0.000000e+00  0.000000e+00  0.000000e+00  
-1.32986  6.938809e-01  0.000000e+00  0.000000e+00  0.000000e+00  0.000000e+00  0.000000e+00  
-1.32895  6.987691e-01  0.000000e+00  0.000000e+00  0.000000e+00  0.000000e+00  0.000000e+00  
-1.32803  7.051389e-01  0.000000e+00  0.000000e+00  0.000000e+00  0.000000e+00  0.000000e+00  
-1.32712  7.119987e-01  0.000000e+00  0.000000e+00  0.000000e+00  0.000000e+00  0.000000e+00  
-1.32621  7.119960e-01  0.000000e+00  0.000000e+00  0.000000e+00  0.000000e+00  0.000000e+00  
-1.3253  7.153497e-01  0.000000e+00  0.000000e+00  0.000000e+00  0.000000e+00  0.000000e+00  
-1.32439  7.219165e-01  0.000000e+00  0.000000e+00  0.000000e+00  0.000000e+00  0.000000e+00  
-1.32348  7.255761e-01  0.000000e+00  0.000000e+00  0.000000e+00  0.000000e+00  0.000000e+00  
-1.32258  7.319754e-01  0.000000e+00  0.000000e+00  0.000000e+00  0.000000e+00  0.000000e+00  
-1.32168  7.319725e-01  0.000000e+00  0.000000e+00  0.000000e+00  0.000000e+00  0.000000e+00  
-1.32078  7.360825e-01  0.000000e+00  0.000000e+00  0.000000e+00  0.000000e+00  0.000000e+00  
-1.31988  7.421715e-01  0.000000e+00  0.000000e+00  0.000000e+00  0.000000e+00  0.000000e+00  
-1.31898  7.466051e-01  0.000000e+00  0.000000e+00  0.000000e+00  0.000000e+00  0.000000e+00  
-1.31809  7.525125e-01  0.000000e+00  0.000000e+00  0.000000e+00  0.000000e+00  0.000000e+00  
-1.3172  7.525097e-01  0.000000e+00  0.000000e+00  0.000000e+00  0.000000e+00  0.000000e+00  
-1.31631  7.574207e-01  0.000000e+00  0.000000e+00  0.000000e+00  0.000000e+00  0.000000e+00  
-1.31542  7.629948e-01  0.000000e+00  0.000000e+00  0.000000e+00  0.000000e+00  0.000000e+00  
-1.31453  7.629919e-01  0.000000e+00  0.000000e+00  0.000000e+00  0.000000e+00  0.000000e+00  
-1.31364  7.683770e-01  0.000000e+00  0.000000e+00  0.000000e+00  0.000000e+00  0.000000e+00  
-1.31276  7.736230e-01  0.000000e+00  0.000000e+00  0.000000e+00  0.000000e+00  0.000000e+00  
-1.31188  7.793664e-01  0.000000e+00  0.000000e+00  0.000000e+00  0.000000e+00  0.000000e+00  
-1.311  7.844023e-01  0.000000e+00  0.000000e+00  0.000000e+00  0.000000e+00  0.000000e+00  
-1.31012  7.843994e-01  0.000000e+00  0.000000e+00  0.000000e+00  0.000000e+00  0.000000e+00  
-1.30924  7.843964e-01  0.000000e+00  0.000000e+00  0.000000e+00  0.000000e+00  0.000000e+00  
-1.30837  7.907830e-01  0.000000e+00  0.000000e+00  0.000000e+00  0.000000e+00  0.000000e+00  
-1.3075  7.953258e-01  0.000000e+00  0.000000e+00  0.000000e+00  0.000000e+00  0.000000e+00  
-1.30663  8.020913e-01  0.000000e+00  0.000000e+00  0.000000e+00  0.000000e+00  0.000000e+00  
-1.30576  8.064075e-01  0.000000e+00  0.000000e+00  0.000000e+00  0.000000e+00  0.000000e+00  
-1.30489  8.064044e-01  0.000000e+00  0.000000e+00  0.000000e+00  0.000000e+00  0.000000e+00  
-1.30402  8.137071e-01  0.000000e+00  0.000000e+00  0.000000e+00  0.000000e+00  0.000000e+00  
-1.30316  8.176404e-01  0.000000e+00  0.000000e+00  0.000000e+00  0.000000e+00  0.000000e+00  
-1.3023  8.176373e-01  0.000000e+00  0.000000e+00  0.000000e+00  0.000000e+00  0.000000e+00  
-1.30144  8.254839e-01  0.000000e+00  0.000000e+00  0.000000e+00  0.000000e+00  0.000000e+00  
-1.30058  8.290299e-01  0.000000e+00  0.000000e+00  0.000000e+00  0.000000e+00  0.000000e+00  
-1.29972  8.290267e-01  0.000000e+00  0.000000e+00  0.000000e+00  0.000000e+00  0.000000e+00  
-1.29886  8.374312e-01  0.000000e+00  0.000000e+00  0.000000e+00  0.000000e+00  0.000000e+00  
-1.29801  8.405779e-01  0.000000e+00  0.000000e+00  0.000000e+00  0.000000e+00  0.000000e+00  
-1.29716  8.405747e-01  0.000000e+00  0.000000e+00  0.000000e+00  0.000000e+00  0.000000e+00  
-1.29631  8.495549e-01  0.000000e+00  0.000000e+00  0.000000e+00  0.000000e+00  0.000000e+00  
-1.29546  8.522869e-01  0.000000e+00  0.000000e+00  0.000000e+00  0.000000e+00  0.000000e+00  
-1.29461  8.616982e-01  0.000000e+00  0.000000e+00  0.000000e+00  0.000000e+00  0.000000e+00  
-1.29377  8.641622e-01  0.000000e+00  0.000000e+00  0.000000e+00  0.000000e+00  0.000000e+00  
-1.29292  8.641589e-01  0.000000e+00  0.000000e+00  0.000000e+00  0.000000e+00  0.000000e+00  
-1.29208  8.741625e-01  0.000000e+00  0.000000e+00  0.000000e+00  0.000000e+00  0.000000e+00  
-1.29124  8.761996e-01  0.000000e+00  0.000000e+00  0.000000e+00  0.000000e+00  0.000000e+00  
-1.2904  8.761963e-01  0.000000e+00  0.000000e+00  0.000000e+00  0.000000e+00  0.000000e+00  
-1.28956  8.868170e-01  0.000000e+00  0.000000e+00  0.000000e+00  0.000000e+00  0.000000e+00  
-1.28873  8.884048e-01  0.000000e+00  0.000000e+00  0.000000e+00  0.000000e+00  0.000000e+00  
-1.28789  8.884015e-01  0.000000e+00  0.000000e+00  0.000000e+00  0.000000e+00  0.000000e+00  
-1.28706  8.996529e-01  0.000000e+00  0.000000e+00  0.000000e+00  0.000000e+00  0.000000e+00  
-1.28623  9.007800e-01  0.000000e+00  0.000000e+00  0.000000e+00  0.000000e+00  0.000000e+00  
-1.2854  9.007765e-01  0.000000e+00  0.000000e+00  0.000000e+00  0.000000e+00  0.000000e+00  
-1.28457  9.126762e-01  0.000000e+00  0.000000e+00  0.000000e+00  0.000000e+00  0.000000e+00  
-1.28374  9.133276e-01  0.000000e+00  0.000000e+00  0.000000e+00  0.000000e+00  0.000000e+00  
-1.28292  9.133241e-01  0.000000e+00  0.000000e+00  0.000000e+00  0.000000e+00  0.000000e+00  
-1.2821  9.258750e-01  0.000000e+00  0.000000e+00  0.000000e+00  0.000000e+00  0.000000e+00  
-1.28127  9.260499e-01  0.000000e+00  0.000000e+00  0.000000e+00  0.000000e+00  0.000000e+00  
-1.28045  9.262108e-01  0.000000e+00  0.000000e+00  0.000000e+00  0.000000e+00  0.000000e+00  
-1.27964  9.389529e-01  0.000000e+00  0.000000e+00  0.000000e+00  0.000000e+00  0.000000e+00  
-1.27882  9.389494e-01  0.000000e+00  0.000000e+00  0.000000e+00  0.000000e+00  0.000000e+00  
-1.278  9.396117e-01  0.000000e+00  0.000000e+00  0.000000e+00  0.000000e+00  0.000000e+00  
-1.27719  9.520323e-01  0.000000e+00  0.000000e+00  0.000000e+00  0.000000e+00  0.000000e+00  
-1.27638  9.520287e-01  0.000000e+00  0.000000e+00  0.000000e+00  0.000000e+00  0.000000e+00  
-1.27557  9.532194e-01  0.000000e+00  0.000000e+00  0.000000e+00  0.000000e+00  0.000000e+00  
-1.27476  9.652938e-01  0.000000e+00  0.000000e+00  0.000000e+00  0.000000e+00  0.000000e+00  
-1.27395  9.668478e-01  0.000000e+00  0.000000e+00  0.000000e+00  0.000000e+00  0.000000e+00  
-1.27314  9.787437e-01  0.000000e+00  0.000000e+00  0.000000e+00  0.000000e+00  0.000000e+00  
-1.27234  9.787399e-01  0.000000e+00  0.000000e+00  0.000000e+00  0.000000e+00  0.000000e+00  
-1.27153  9.808496e-01  0.000000e+00  0.000000e+00  0.000000e+00  0.000000e+00  0.000000e+00  
-1.27073  9.923773e-01  0.000000e+00  0.000000e+00  0.000000e+00  0.000000e+00  0.000000e+00  
-1.26993  9.923735e-01  0.000000e+00  0.000000e+00  0.000000e+00  0.000000e+00  0.000000e+00  
-1.26913  9.950539e-01  0.000000e+00  0.000000e+00  0.000000e+00  0.000000e+00  0.000000e+00  
-1.26833  1.006201e+00  0.000000e+00  0.000000e+00  0.000000e+00  0.000000e+00  0.000000e+00  
-1.26754  1.006197e+00  0.000000e+00  0.000000e+00  0.000000e+00  0.000000e+00  0.000000e+00  
-1.26674  1.009460e+00  0.000000e+00  0.000000e+00  0.000000e+00  0.000000e+00  0.000000e+00  
-1.26595  1.020217e+00  0.000000e+00  0.000000e+00  0.000000e+00  0.000000e+00  0.000000e+00  
-1.26516  1.020213e+00  0.000000e+00  0.000000e+00  0.000000e+00  0.000000e+00  0.000000e+00  
-1.26437  1.024078e+00  0.000000e+00  0.000000e+00  0.000000e+00  0.000000e+00  0.000000e+00  
-1.26358  1.034428e+00  0.000000e+00  0.000000e+00  0.000000e+00  0.000000e+00  0.000000e+00  
-1.26279  1.034424e+00  0.000000e+00  0.000000e+00  0.000000e+00  0.000000e+00  0.000000e+00  
-1.26201  1.034420e+00  0.000000e+00  0.000000e+00  0.000000e+00  0.000000e+00  0.000000e+00  
-1.26122  1.039086e+00  0.000000e+00  0.000000e+00  0.000000e+00  0.000000e+00  0.000000e+00  
-1.26044  1.048833e+00  0.000000e+00  0.000000e+00  0.000000e+00  0.000000e+00  0.000000e+00  
-1.25966  1.053940e+00  0.000000e+00  0.000000e+00  0.000000e+00  0.000000e+00  0.000000e+00  
-1.25888  1.063447e+00  0.000000e+00  0.000000e+00  0.000000e+00  0.000000e+00  0.000000e+00  
-1.2581  1.063443e+00  0.000000e+00  0.000000e+00  0.000000e+00  0.000000e+00  0.000000e+00  
-1.25732  1.069207e+00  0.000000e+00  0.000000e+00  0.000000e+00  0.000000e+00  0.000000e+00  
-1.25654  1.078261e+00  0.000000e+00  0.000000e+00  0.000000e+00  0.000000e+00  0.000000e+00  
-1.25577  1.078256e+00  0.000000e+00  0.000000e+00  0.000000e+00  0.000000e+00  0.000000e+00  
-1.255  1.084677e+00  0.000000e+00  0.000000e+00  0.000000e+00  0.000000e+00  0.000000e+00  
-1.25422  1.093280e+00  0.000000e+00  0.000000e+00  0.000000e+00  0.000000e+00  0.000000e+00  
-1.25345  1.093276e+00  0.000000e+00  0.000000e+00  0.000000e+00  0.000000e+00  0.000000e+00  
-1.25268  1.100390e+00  0.000000e+00  0.000000e+00  0.000000e+00  0.000000e+00  0.000000e+00  
-1.25192  1.108509e+00  0.000000e+00  0.000000e+00  0.000000e+00  0.000000e+00  0.000000e+00  
-1.25115  1.108505e+00  0.000000e+00  0.000000e+00  0.000000e+00  0.000000e+00  0.000000e+00  
-1.25038  1.116306e+00  0.000000e+00  0.000000e+00  0.000000e+00  0.000000e+00  0.000000e+00  
-1.24962  1.123951e+00  0.000000e+00  0.000000e+00  0.000000e+00  0.000000e+00  0.000000e+00  
-1.24886  1.123946e+00  0.000000e+00  0.000000e+00  0.000000e+00  0.000000e+00  0.000000e+00  
-1.2481  1.123942e+00  0.000000e+00  0.000000e+00  0.000000e+00  0.000000e+00  0.000000e+00  
-1.24734  1.132673e+00  0.000000e+00  0.000000e+00  0.000000e+00  0.000000e+00  0.000000e+00  
-1.24658  1.139602e+00  0.000000e+00  0.000000e+00  0.000000e+00  0.000000e+00  0.000000e+00  
-1.24582  1.139598e+00  0.000000e+00  0.000000e+00  0.000000e+00  0.000000e+00  0.000000e+00  
-1.24507  1.149058e+00  0.000000e+00  0.000000e+00  0.000000e+00  0.000000e+00  0.000000e+00  
-1.24431  1.155477e+00  0.000000e+00  0.000000e+00  0.000000e+00  0.000000e+00  0.000000e+00  
-1.24356  1.155472e+00  0.000000e+00  0.000000e+00  0.000000e+00  0.000000e+00  0.000000e+00  
-1.24281  1.165694e+00  0.000000e+00  0.000000e+00  0.000000e+00  0.000000e+00  0.000000e+00  
-1.24205  1.171572e+00  0.000000e+00  0.000000e+00  0.000000e+00  0.000000e+00  0.000000e+00  
-1.24131  1.171568e+00  0.000000e+00  0.000000e+00  0.000000e+00  0.000000e+00  0.000000e+00  
-1.24056  1.182576e+00  0.000000e+00  0.000000e+00  0.000000e+00  0.000000e+00  0.000000e+00  
-1.23981  1.187892e+00  0.000000e+00  0.000000e+00  0.000000e+00  0.000000e+00  0.000000e+00  
-1.23907  1.187887e+00  0.000000e+00  0.000000e+00  0.000000e+00  0.000000e+00  0.000000e+00  
-1.23832  1.199680e+00  0.000000e+00  0.000000e+00  0.000000e+00  0.000000e+00  0.000000e+00  
-1.23758  1.204439e+00  0.000000e+00  0.000000e+00  0.000000e+00  0.000000e+00  0.000000e+00  
-1.23684  1.204434e+00  0.000000e+00  0.000000e+00  0.000000e+00  0.000000e+00  0.000000e+00  
-1.2361  1.217047e+00  0.000000e+00  0.000000e+00  0.000000e+00  0.000000e+00  0.000000e+00  
-1.23536  1.221216e+00  0.000000e+00  0.000000e+00  0.000000e+00  0.000000e+00  0.000000e+00  
-1.23462  1.221211e+00  0.000000e+00  0.000000e+00  0.000000e+00  0.000000e+00  0.000000e+00  
-1.23388  1.221207e+00  0.000000e+00  0.000000e+00  0.000000e+00  0.000000e+00  0.000000e+00  
-1.23315  1.234886e+00  0.000000e+00  0.000000e+00  0.000000e+00  0.000000e+00  0.000000e+00  
-1.23241  1.238222e+00  0.000000e+00  0.000000e+00  0.000000e+00  0.000000e+00  0.000000e+00  
-1.23168  1.238218e+00  0.000000e+00  0.000000e+00  0.000000e+00  0.000000e+00  0.000000e+00  
-1.23095  1.252763e+00  0.000000e+00  0.000000e+00  0.000000e+00  0.000000e+00  0.000000e+00  
-1.23022  1.255470e+00  0.000000e+00  0.000000e+00  0.000000e+00  0.000000e+00  0.000000e+00  
-1.22949  1.255466e+00  0.000000e+00  0.000000e+00  0.000000e+00  0.000000e+00  0.000000e+00  
-1.22876  1.270882e+00  0.000000e+00  0.000000e+00  0.000000e+00  0.000000e+00  0.000000e+00  
-1.22803  1.272959e+00  0.000000e+00  0.000000e+00  0.000000e+00  0.000000e+00  0.000000e+00  
-1.22731  1.272954e+00  0.000000e+00  0.000000e+00  0.000000e+00  0.000000e+00  0.000000e+00  
-1.22658  1.289278e+00  0.000000e+00  0.000000e+00  0.000000e+00  0.000000e+00  0.000000e+00  
-1.22586  1.290690e+00  0.000000e+00  0.000000e+00  0.000000e+00  0.000000e+00  0.000000e+00  
-1.22514  1.290685e+00  0.000000e+00  0.000000e+00  0.000000e+00  0.000000e+00  0.000000e+00  
-1.22442  1.307941e+00  0.000000e+00  0.000000e+00  0.000000e+00  0.000000e+00  0.000000e+00  
-1.2237  1.308669e+00  0.000000e+00  0.000000e+00  0.000000e+00  0.000000e+00  0.000000e+00  
-1.22298  1.308664e+00  0.000000e+00  0.000000e+00  0.000000e+00  0.000000e+00  0.000000e+00  
-1.22226  1.326874e+00  0.000000e+00  0.000000e+00  0.000000e+00  0.000000e+00  0.000000e+00  
-1.22155  1.326899e+00  0.000000e+00  0.000000e+00  0.000000e+00  0.000000e+00  0.000000e+00  
-1.22083  1.327340e+00  0.000000e+00  0.000000e+00  0.000000e+00  0.000000e+00  0.000000e+00  
-1.22012  1.345387e+00  0.000000e+00  0.000000e+00  0.000000e+00  0.000000e+00  0.000000e+00  
-1.21941  1.345382e+00  0.000000e+00  0.000000e+00  0.000000e+00  0.000000e+00  0.000000e+00  
-1.21869  1.345377e+00  0.000000e+00  0.000000e+00  0.000000e+00  0.000000e+00  0.000000e+00  
-1.21798  1.346790e+00  0.000000e+00  0.000000e+00  0.000000e+00  0.000000e+00  0.000000e+00  
-1.21728  1.364122e+00  0.000000e+00  0.000000e+00  0.000000e+00  0.000000e+00  0.000000e+00  
-1.21657  1.364117e+00  0.000000e+00  0.000000e+00  0.000000e+00  0.000000e+00  0.000000e+00  
-1.21586  1.366295e+00  0.000000e+00  0.000000e+00  0.000000e+00  0.000000e+00  0.000000e+00  
-1.21516  1.383124e+00  0.000000e+00  0.000000e+00  0.000000e+00  0.000000e+00  0.000000e+00  
-1.21445  1.383119e+00  0.000000e+00  0.000000e+00  0.000000e+00  0.000000e+00  0.000000e+00  
-1.21375  1.386078e+00  0.000000e+00  0.000000e+00  0.000000e+00  0.000000e+00  0.000000e+00  
-1.21305  1.402391e+00  0.000000e+00  0.000000e+00  0.000000e+00  0.000000e+00  0.000000e+00  
-1.21234  1.402385e+00  0.000000e+00  0.000000e+00  0.000000e+00  0.000000e+00  0.000000e+00  
-1.21164  1.402380e+00  0.000000e+00  0.000000e+00  0.000000e+00  0.000000e+00  0.000000e+00  
-1.21095  1.406391e+00  0.000000e+00  0.000000e+00  0.000000e+00  0.000000e+00  0.000000e+00  
-1.21025  1.421920e+00  0.000000e+00  0.000000e+00  0.000000e+00  0.000000e+00  0.000000e+00  
-1.20955  1.421915e+00  0.000000e+00  0.000000e+00  0.000000e+00  0.000000e+00  0.000000e+00  
-1.20886  1.426752e+00  0.000000e+00  0.000000e+00  0.000000e+00  0.000000e+00  0.000000e+00  
-1.20816  1.441727e+00  0.000000e+00  0.000000e+00  0.000000e+00  0.000000e+00  0.000000e+00  
-1.20747  1.441721e+00  0.000000e+00  0.000000e+00  0.000000e+00  0.000000e+00  0.000000e+00  
-1.20678  1.447412e+00  0.000000e+00  0.000000e+00  0.000000e+00  0.000000e+00  0.000000e+00  
-1.20609  1.461810e+00  0.000000e+00  0.000000e+00  0.000000e+00  0.000000e+00  0.000000e+00  
-1.2054  1.461804e+00  0.000000e+00  0.000000e+00  0.000000e+00  0.000000e+00  0.000000e+00  
-1.20471  1.468356e+00  0.000000e+00  0.000000e+00  0.000000e+00  0.000000e+00  0.000000e+00  
-1.20402  1.482172e+00  0.000000e+00  0.000000e+00  0.000000e+00  0.000000e+00  0.000000e+00  
-1.20333  1.482166e+00  0.000000e+00  0.000000e+00  0.000000e+00  0.000000e+00  0.000000e+00  
-1.20265  1.489619e+00  0.000000e+00  0.000000e+00  0.000000e+00  0.000000e+00  0.000000e+00  
-1.20196  1.502818e+00  0.000000e+00  0.000000e+00  0.000000e+00  0.000000e+00  0.000000e+00  
-1.20128  1.502813e+00  0.000000e+00  0.000000e+00  0.000000e+00  0.000000e+00  0.000000e+00  
-1.2006  1.502807e+00  0.000000e+00  0.000000e+00  0.000000e+00  0.000000e+00  0.000000e+00  
-1.19992  1.511454e+00  0.000000e+00  0.000000e+00  0.000000e+00  0.000000e+00  0.000000e+00  
-1.19924  1.523746e+00  0.000000e+00  0.000000e+00  0.000000e+00  0.000000e+00  0.000000e+00  
-1.19856  1.523740e+00  0.000000e+00  0.000000e+00  0.000000e+00  0.000000e+00  0.000000e+00  
-1.19788  1.533327e+00  0.000000e+00  0.000000e+00  0.000000e+00  0.000000e+00  0.000000e+00  
-1.1972  1.544972e+00  0.000000e+00  0.000000e+00  0.000000e+00  0.000000e+00  0.000000e+00  
-1.19653  1.544966e+00  0.000000e+00  0.000000e+00  0.000000e+00  0.000000e+00  0.000000e+00  
-1.19585  1.555529e+00  0.000000e+00  0.000000e+00  0.000000e+00  0.000000e+00  0.000000e+00  
-1.19518  1.566492e+00  0.000000e+00  0.000000e+00  0.000000e+00  0.000000e+00  0.000000e+00  
-1.19451  1.566486e+00  0.000000e+00  0.000000e+00  0.000000e+00  0.000000e+00  0.000000e+00  
-1.19383  1.566480e+00  0.000000e+00  0.000000e+00  0.000000e+00  0.000000e+00  0.000000e+00  
-1.19316  1.578326e+00  0.000000e+00  0.000000e+00  0.000000e+00  0.000000e+00  0.000000e+00  
-1.19249  1.588307e+00  0.000000e+00  0.000000e+00  0.000000e+00  0.000000e+00  0.000000e+00  
-1.19182  1.588301e+00  0.000000e+00  0.000000e+00  0.000000e+00  0.000000e+00  0.000000e+00  
-1.19116  1.601180e+00  0.000000e+00  0.000000e+00  0.000000e+00  0.000000e+00  0.000000e+00  
-1.19049  1.610432e+00  0.000000e+00  0.000000e+00  0.000000e+00  0.000000e+00  0.000000e+00  
-1.18982  1.610426e+00  0.000000e+00  0.000000e+00  0.000000e+00  0.000000e+00  0.000000e+00  
-1.18916  1.624350e+00  0.000000e+00  0.000000e+00  0.000000e+00  0.000000e+00  0.000000e+00  
-1.1885  1.632864e+00  0.000000e+00  0.000000e+00  0.000000e+00  0.000000e+00  0.000000e+00  
-1.18783  1.632858e+00  0.000000e+00  0.000000e+00  0.000000e+00  0.000000e+00  0.000000e+00  
-1.18717  1.632852e+00  0.000000e+00  0.000000e+00  0.000000e+00  0.000000e+00  0.000000e+00  
-1.18651  1.648166e+00  0.000000e+00  0.000000e+00  0.000000e+00  0.000000e+00  0.000000e+00  
-1.18585  1.655603e+00  0.000000e+00  0.000000e+00  0.000000e+00  0.000000e+00  0.000000e+00  
-1.18519  1.655597e+00  0.000000e+00  0.000000e+00  0.000000e+00  0.000000e+00  0.000000e+00  
-1.18454  1.672004e+00  0.000000e+00  0.000000e+00  0.000000e+00  0.000000e+00  0.000000e+00  
-1.18388  1.678665e+00  0.000000e+00  0.000000e+00  0.000000e+00  0.000000e+00  0.000000e+00  
-1.18323  1.678659e+00  0.000000e+00  0.000000e+00  0.000000e+00  0.000000e+00  0.000000e+00  
-1.18257  1.678652e+00  0.000000e+00  0.000000e+00  0.000000e+00  0.000000e+00  0.000000e+00  
-1.18192  1.696517e+00  0.000000e+00  0.000000e+00  0.000000e+00  0.000000e+00  0.000000e+00  
-1.18126  1.702042e+00  0.000000e+00  0.000000e+00  0.000000e+00  0.000000e+00  0.000000e+00  
-1.18061  1.702036e+00  0.000000e+00  0.000000e+00  0.000000e+00  0.000000e+00  0.000000e+00  
-1.17996  1.721058e+00  0.000000e+00  0.000000e+00  0.000000e+00  0.000000e+00  0.000000e+00  
-1.17931  1.725751e+00  0.000000e+00  0.000000e+00  0.000000e+00  0.000000e+00  0.000000e+00  
-1.17866  1.725744e+00  0.000000e+00  0.000000e+00  0.000000e+00  0.000000e+00  0.000000e+00  
-1.17802  1.745968e+00  0.000000e+00  0.000000e+00  0.000000e+00  0.000000e+00  0.000000e+00  
-1.17737  1.749790e+00  0.000000e+00  0.000000e+00  0.000000e+00  0.000000e+00  0.000000e+00  
-1.17672  1.749783e+00  0.000000e+00  0.000000e+00  0.000000e+00  0.000000e+00  0.000000e+00  
-1.17608  1.749777e+00  0.000000e+00  0.000000e+00  0.000000e+00  0.000000e+00  0.000000e+00  
-1.17544  1.771541e+00  0.000000e+00  0.000000e+00  0.000000e+00  0.000000e+00  0.000000e+00  
-1.17479  1.774157e+00  0.000000e+00  0.000000e+00  0.000000e+00  0.000000e+00  0.000000e+00  
-1.17415  1.774150e+00  0.000000e+00  0.000000e+00  0.000000e+00  0.000000e+00  0.000000e+00  
-1.17351  1.797185e+00  0.000000e+00  0.000000e+00  0.000000e+00  0.000000e+00  0.000000e+00  
-1.17287  1.798870e+00  0.000000e+00  0.000000e+00  0.000000e+00  0.000000e+00  0.000000e+00  
-1.17223  1.798864e+00  0.000000e+00  0.000000e+00  0.000000e+00  0.000000e+00  0.000000e+00  
-1.17159  1.798857e+00  0.000000e+00  0.000000e+00  0.000000e+00  0.000000e+00  0.000000e+00  
-1.17096  1.823502e+00  0.000000e+00  0.000000e+00  0.000000e+00  0.000000e+00  0.000000e+00  
-1.17032  1.823921e+00  0.000000e+00  0.000000e+00  0.000000e+00  0.000000e+00  0.000000e+00  
-1.16968  1.824163e+00  0.000000e+00  0.000000e+00  0.000000e+00  0.000000e+00  0.000000e+00  
-1.16905  1.849335e+00  0.000000e+00  0.000000e+00  0.000000e+00  0.000000e+00  0.000000e+00  
-1.16842  1.849328e+00  0.000000e+00  0.000000e+00  0.000000e+00  0.000000e+00  0.000000e+00  
-1.16778  1.849321e+00  0.000000e+00  0.000000e+00  0.000000e+00  0.000000e+00  0.000000e+00  
-1.16715  1.850894e+00  0.000000e+00  0.000000e+00  0.000000e+00  0.000000e+00  0.000000e+00  
-1.16652  1.875088e+00  0.000000e+00  0.000000e+00  0.000000e+00  0.000000e+00  0.000000e+00  
-1.16589  1.877356e+00  0.000000e+00  0.000000e+00  0.000000e+00  0.000000e+00  0.000000e+00  
-1.16526  1.901215e+00  0.000000e+00  0.000000e+00  0.000000e+00  0.000000e+00  0.000000e+00  
-1.16463  1.901207e+00  0.000000e+00  0.000000e+00  0.000000e+00  0.000000e+00  0.000000e+00  
-1.16401  1.904544e+00  0.000000e+00  0.000000e+00  0.000000e+00  0.000000e+00  0.000000e+00  
-1.16338  1.927698e+00  0.000000e+00  0.000000e+00  0.000000e+00  0.000000e+00  0.000000e+00  
-1.16276  1.927691e+00  0.000000e+00  0.000000e+00  0.000000e+00  0.000000e+00  0.000000e+00  
-1.16213  1.932121e+00  0.000000e+00  0.000000e+00  0.000000e+00  0.000000e+00  0.000000e+00  
-1.16151  1.954550e+00  0.000000e+00  0.000000e+00  0.000000e+00  0.000000e+00  0.000000e+00  
-1.16089  1.954543e+00  0.000000e+00  0.000000e+00  0.000000e+00  0.000000e+00  0.000000e+00  
-1.16026  1.960100e+00  0.000000e+00  0.000000e+00  0.000000e+00  0.000000e+00  0.000000e+00  
-1.15964  1.981776e+00  0.000000e+00  0.000000e+00  0.000000e+00  0.000000e+00  0.000000e+00  
-1.15902  1.981769e+00  0.000000e+00  0.000000e+00  0.000000e+00  0.000000e+00  0.000000e+00  
-1.1584  1.981761e+00  0.000000e+00  0.000000e+00  0.000000e+00  0.000000e+00  0.000000e+00  
-1.15779  1.981754e+00  0.000000e+00  0.000000e+00  0.000000e+00  0.000000e+00  0.000000e+00  
-1.15717  1.981746e+00  0.000000e+00  0.000000e+00  0.000000e+00  0.000000e+00  0.000000e+00  
-1.15655  1.981739e+00  0.000000e+00  0.000000e+00  0.000000e+00  0.000000e+00  0.000000e+00  
-1.15594  1.989875e+00  0.000000e+00  0.000000e+00  0.000000e+00  0.000000e+00  0.000000e+00  
-1.15532  2.009351e+00  0.000000e+00  0.000000e+00  0.000000e+00  0.000000e+00  0.000000e+00  
-1.15471  2.009344e+00  0.000000e+00  0.000000e+00  0.000000e+00  0.000000e+00  0.000000e+00  
-1.15409  2.018688e+00  0.000000e+00  0.000000e+00  0.000000e+00  0.000000e+00  0.000000e+00  
-1.15348  2.037341e+00  0.000000e+00  0.000000e+00  0.000000e+00  0.000000e+00  0.000000e+00  
-1.15287  2.037333e+00  0.000000e+00  0.000000e+00  0.000000e+00  0.000000e+00  0.000000e+00  
-1.15226  2.037325e+00  0.000000e+00  0.000000e+00  0.000000e+00  0.000000e+00  0.000000e+00  
-1.15165  2.048284e+00  0.000000e+00  0.000000e+00  0.000000e+00  0.000000e+00  0.000000e+00  
-1.15104  2.065712e+00  0.000000e+00  0.000000e+00  0.000000e+00  0.000000e+00  0.000000e+00  
-1.15044  2.065705e+00  0.000000e+00  0.000000e+00  0.000000e+00  0.000000e+00  0.000000e+00  
-1.14983  2.065697e+00  0.000000e+00  0.000000e+00  0.000000e+00  0.000000e+00  0.000000e+00  
-1.14922  2.078279e+00  0.000000e+00  0.000000e+00  0.000000e+00  0.000000e+00  0.000000e+00  
-1.14862  2.094479e+00  0.000000e+00  0.000000e+00  0.000000e+00  0.000000e+00  0.000000e+00  
-1.14801  2.094471e+00  0.000000e+00  0.000000e+00  0.000000e+00  0.000000e+00  0.000000e+00  
-1.14741  2.108386e+00  0.000000e+00  0.000000e+00  0.000000e+00  0.000000e+00  0.000000e+00  
-1.14681  2.123654e+00  0.000000e+00  0.000000e+00  0.000000e+00  0.000000e+00  0.000000e+00  
-1.1462  2.123646e+00  0.000000e+00  0.000000e+00  0.000000e+00  0.000000e+00  0.000000e+00  
-1.1456  2.123638e+00  0.000000e+00  0.000000e+00  0.000000e+00  0.000000e+00  0.000000e+00  
-1.145  2.139272e+00  0.000000e+00  0.000000e+00  0.000000e+00  0.000000e+00  0.000000e+00  
-1.1444  2.153228e+00  0.000000e+00  0.000000e+00  0.000000e+00  0.000000e+00  0.000000e+00  
-1.14381  2.153220e+00  0.000000e+00  0.000000e+00  0.000000e+00  0.000000e+00  0.000000e+00  
-1.14321  2.153212e+00  0.000000e+00  0.000000e+00  0.000000e+00  0.000000e+00  0.000000e+00  
-1.14261  2.170638e+00  0.000000e+00  0.000000e+00  0.000000e+00  0.000000e+00  0.000000e+00  
-1.14201  2.183213e+00  0.000000e+00  0.000000e+00  0.000000e+00  0.000000e+00  0.000000e+00  
-1.14142  2.183205e+00  0.000000e+00  0.000000e+00  0.000000e+00  0.000000e+00  0.000000e+00  
-1.14082  2.202033e+00  0.000000e+00  0.000000e+00  0.000000e+00  0.000000e+00  0.000000e+00  
-1.14023  2.213625e+00  0.000000e+00  0.000000e+00  0.000000e+00  0.000000e+00  0.000000e+00  
-1.13964  2.213616e+00  0.000000e+00  0.000000e+00  0.000000e+00  0.000000e+00  0.000000e+00  
-1.13905  2.213608e+00  0.000000e+00  0.000000e+00  0.000000e+00  0.000000e+00  0.000000e+00  
-1.13845  2.234317e+00  0.000000e+00  0.000000e+00  0.000000e+00  0.000000e+00  0.000000e+00  
-1.13786  2.244451e+00  0.000000e+00  0.000000e+00  0.000000e+00  0.000000e+00  0.000000e+00  
-1.13727  2.244443e+00  0.000000e+00  0.000000e+00  0.000000e+00  0.000000e+00  0.000000e+00  
-1.13669  2.244434e+00  0.000000e+00  0.000000e+00  0.000000e+00  0.000000e+00  0.000000e+00  
-1.1361  2.267032e+00  0.000000e+00  0.000000e+00  0.000000e+00  0.000000e+00  0.000000e+00  
-1.13551  2.275707e+00  0.000000e+00  0.000000e+00  0.000000e+00  0.000000e+00  0.000000e+00  
-1.13492  2.275698e+00  0.000000e+00  0.000000e+00  0.000000e+00  0.000000e+00  0.000000e+00  
-1.13434  2.299861e+00  0.000000e+00  0.000000e+00  0.000000e+00  0.000000e+00  0.000000e+00  
-1.13375  2.307407e+00  0.000000e+00  0.000000e+00  0.000000e+00  0.000000e+00  0.000000e+00  
-1.13317  2.307398e+00  0.000000e+00  0.000000e+00  0.000000e+00  0.000000e+00  0.000000e+00  
-1.13259  2.307389e+00  0.000000e+00  0.000000e+00  0.000000e+00  0.000000e+00  0.000000e+00  
-1.132  2.333543e+00  0.000000e+00  0.000000e+00  0.000000e+00  0.000000e+00  0.000000e+00  
-1.13142  2.339539e+00  0.000000e+00  0.000000e+00  0.000000e+00  0.000000e+00  0.000000e+00  
-1.13084  2.339530e+00  0.000000e+00  0.000000e+00  0.000000e+00  0.000000e+00  0.000000e+00  
-1.13026  2.339521e+00  0.000000e+00  0.000000e+00  0.000000e+00  0.000000e+00  0.000000e+00  
-1.12968  2.367746e+00  0.000000e+00  0.000000e+00  0.000000e+00  0.000000e+00  0.000000e+00  
-1.1291  2.372119e+00  0.000000e+00  0.000000e+00  0.000000e+00  0.000000e+00  0.000000e+00  
-1.12853  2.372110e+00  0.000000e+00  0.000000e+00  0.000000e+00  0.000000e+00  0.000000e+00  
-1.12795  2.401992e+00  0.000000e+00  0.000000e+00  0.000000e+00  0.000000e+00  0.000000e+00  
-1.12737  2.405162e+00  0.000000e+00  0.000000e+00  0.000000e+00  0.000000e+00  0.000000e+00  
-1.1268  2.405153e+00  0.000000e+00  0.000000e+00  0.000000e+00  0.000000e+00  0.000000e+00  
-1.12622  2.405143e+00  0.000000e+00  0.000000e+00  0.000000e+00  0.000000e+00  0.000000e+00  
-1.12565  2.437199e+00  0.000000e+00  0.000000e+00  0.000000e+00  0.000000e+00  0.000000e+00  
-1.12507  2.438656e+00  0.000000e+00  0.000000e+00  0.000000e+00  0.000000e+00  0.000000e+00  
-1.1245  2.438646e+00  0.000000e+00  0.000000e+00  0.000000e+00  0.000000e+00  0.000000e+00  
-1.12393  2.438637e+00  0.000000e+00  0.000000e+00  0.000000e+00  0.000000e+00  0.000000e+00  
-1.12336  2.472625e+00  0.000000e+00  0.000000e+00  0.000000e+00  0.000000e+00  0.000000e+00  
-1.12279  2.472616e+00  0.000000e+00  0.000000e+00  0.000000e+00  0.000000e+00  0.000000e+00  
-1.12222  2.472606e+00  0.000000e+00  0.000000e+00  0.000000e+00  0.000000e+00  0.000000e+00  
-1.12165  2.474215e+00  0.000000e+00  0.000000e+00  0.000000e+00  0.000000e+00  0.000000e+00  
-1.12108  2.507059e+00  0.000000e+00  0.000000e+00  0.000000e+00  0.000000e+00  0.000000e+00  
-1.12051  2.507049e+00  0.000000e+00  0.000000e+00  0.000000e+00  0.000000e+00  0.000000e+00  
-1.11995  2.507039e+00  0.000000e+00  0.000000e+00  0.000000e+00  0.000000e+00  0.000000e+00  
-1.11938  2.510470e+00  0.000000e+00  0.000000e+00  0.000000e+00  0.000000e+00  0.000000e+00  
-1.11882  2.541971e+00  0.000000e+00  0.000000e+00  0.000000e+00  0.000000e+00  0.000000e+00  
-1.11825  2.541962e+00  0.000000e+00  0.000000e+00  0.000000e+00  0.000000e+00  0.000000e+00  
-1.11769  2.541952e+00  0.000000e+00  0.000000e+00  0.000000e+00  0.000000e+00  0.000000e+00  
-1.11713  2.541942e+00  0.000000e+00  0.000000e+00  0.000000e+00  0.000000e+00  0.000000e+00  
-1.11656  2.547720e+00  0.000000e+00  0.000000e+00  0.000000e+00  0.000000e+00  0.000000e+00  
-1.116  2.577360e+00  0.000000e+00  0.000000e+00  0.000000e+00  0.000000e+00  0.000000e+00  
-1.11544  2.584173e+00  0.000000e+00  0.000000e+00  0.000000e+00  0.000000e+00  0.000000e+00  
-1.11488  2.613272e+00  0.000000e+00  0.000000e+00  0.000000e+00  0.000000e+00  0.000000e+00  
-1.11432  2.613262e+00  0.000000e+00  0.000000e+00  0.000000e+00  0.000000e+00  0.000000e+00  
-1.11376  2.613252e+00  0.000000e+00  0.000000e+00  0.000000e+00  0.000000e+00  0.000000e+00  
-1.11321  2.622043e+00  0.000000e+00  0.000000e+00  0.000000e+00  0.000000e+00  0.000000e+00  
-1.11265  2.649664e+00  0.000000e+00  0.000000e+00  0.000000e+00  0.000000e+00  0.000000e+00  
-1.11209  2.649654e+00  0.000000e+00  0.000000e+00  0.000000e+00  0.000000e+00  0.000000e+00  
-1.11154  2.649644e+00  0.000000e+00  0.000000e+00  0.000000e+00  0.000000e+00  0.000000e+00  
-1.11098  2.660460e+00  0.000000e+00  0.000000e+00  0.000000e+00  0.000000e+00  0.000000e+00  
-1.11043  2.686563e+00  0.000000e+00  0.000000e+00  0.000000e+00  0.000000e+00  0.000000e+00  
-1.10987  2.686552e+00  0.000000e+00  0.000000e+00  0.000000e+00  0.000000e+00  0.000000e+00  
-1.10932  2.686542e+00  0.000000e+00  0.000000e+00  0.000000e+00  0.000000e+00  0.000000e+00  
-1.10877  2.699463e+00  0.000000e+00  0.000000e+00  0.000000e+00  0.000000e+00  0.000000e+00  
-1.10822  2.723975e+00  0.000000e+00  0.000000e+00  0.000000e+00  0.000000e+00  0.000000e+00  
-1.10767  2.723965e+00  0.000000e+00  0.000000e+00  0.000000e+00  0.000000e+00  0.000000e+00  
-1.10712  2.738550e+00  0.000000e+00  0.000000e+00  0.000000e+00  0.000000e+00  0.000000e+00  
-1.10657  2.761919e+00  0.000000e+00  0.000000e+00  0.000000e+00  0.000000e+00  0.000000e+00  
-1.10602  2.761909e+00  0.000000e+00  0.000000e+00  0.000000e+00  0.000000e+00  0.000000e+00  
-1.10547  2.761898e+00  0.000000e+00  0.000000e+00  0.000000e+00  0.000000e+00  0.000000e+00  
-1.10492  2.778667e+00  0.000000e+00  0.000000e+00  0.000000e+00  0.000000e+00  0.000000e+00  
-1.10438  2.800381e+00  0.000000e+00  0.000000e+00  0.000000e+00  0.000000e+00  0.000000e+00  
-1.10383  2.800370e+00  0.000000e+00  0.000000e+00  0.000000e+00  0.000000e+00  0.000000e+00  
-1.10329  2.800360e+00  0.000000e+00  0.000000e+00  0.000000e+00  0.000000e+00  0.000000e+00  
-1.10274  2.819410e+00  0.000000e+00  0.000000e+00  0.000000e+00  0.000000e+00  0.000000e+00  
-1.1022  2.839379e+00  0.000000e+00  0.000000e+00  0.000000e+00  0.000000e+00  0.000000e+00  
-1.10165  2.839368e+00  0.000000e+00  0.000000e+00  0.000000e+00  0.000000e+00  0.000000e+00  
-1.10111  2.839357e+00  0.000000e+00  0.000000e+00  0.000000e+00  0.000000e+00  0.000000e+00  
-1.10057  2.860710e+00  0.000000e+00  0.000000e+00  0.000000e+00  0.000000e+00  0.000000e+00  
-1.10003  2.878919e+00  0.000000e+00  0.000000e+00  0.000000e+00  0.000000e+00  0.000000e+00  
-1.09949  2.878908e+00  0.000000e+00  0.000000e+00  0.000000e+00  0.000000e+00  0.000000e+00  
-1.09895  2.878897e+00  0.000000e+00  0.000000e+00  0.000000e+00  0.000000e+00  0.000000e+00  
-1.09841  2.902653e+00  0.000000e+00  0.000000e+00  0.000000e+00  0.000000e+00  0.000000e+00  
-1.09787  2.919010e+00  0.000000e+00  0.000000e+00  0.000000e+00  0.000000e+00  0.000000e+00  
-1.09733  2.918999e+00  0.000000e+00  0.000000e+00  0.000000e+00  0.000000e+00  0.000000e+00  
-1.0968  2.918988e+00  0.000000e+00  0.000000e+00  0.000000e+00  0.000000e+00  0.000000e+00  
-1.09626  2.945154e+00  0.000000e+00  0.000000e+00  0.000000e+00  0.000000e+00  0.000000e+00  
-1.09572  2.959660e+00  0.000000e+00  0.000000e+00  0.000000e+00  0.000000e+00  0.000000e+00  
-1.09519  2.959649e+00  0.000000e+00  0.000000e+00  0.000000e+00  0.000000e+00  0.000000e+00  
-1.09465  2.959637e+00  0.000000e+00  0.000000e+00  0.000000e+00  0.000000e+00  0.000000e+00  
-1.09412  2.988305e+00  0.000000e+00  0.000000e+00  0.000000e+00  0.000000e+00  0.000000e+00  
-1.09359  3.000876e+00  0.000000e+00  0.000000e+00  0.000000e+00  0.000000e+00  0.000000e+00  
-1.09306  3.000864e+00  0.000000e+00  0.000000e+00  0.000000e+00  0.000000e+00  0.000000e+00  
-1.09252  3.016225e+00  0.000000e+00  0.000000e+00  0.000000e+00  0.000000e+00  0.000000e+00  
-1.09199  3.037396e+00  0.000000e+00  0.000000e+00  0.000000e+00  0.000000e+00  0.000000e+00  
-1.09146  3.042665e+00  0.000000e+00  0.000000e+00  0.000000e+00  0.000000e+00  0.000000e+00  
-1.09093  3.042654e+00  0.000000e+00  0.000000e+00  0.000000e+00  0.000000e+00  0.000000e+00  
-1.0904  3.076000e+00  0.000000e+00  0.000000e+00  0.000000e+00  0.000000e+00  0.000000e+00  
-1.08987  3.085048e+00  0.000000e+00  0.000000e+00  0.000000e+00  0.000000e+00  0.000000e+00  
-1.08935  3.085037e+00  0.000000e+00  0.000000e+00  0.000000e+00  0.000000e+00  0.000000e+00  
-1.08882  3.085025e+00  0.000000e+00  0.000000e+00  0.000000e+00  0.000000e+00  0.000000e+00  
-1.08829  3.121058e+00  0.000000e+00  0.000000e+00  0.000000e+00  0.000000e+00  0.000000e+00  
-1.08777  3.128010e+00  0.000000e+00  0.000000e+00  0.000000e+00  0.000000e+00  0.000000e+00  
-1.08724  3.127998e+00  0.000000e+00  0.000000e+00  0.000000e+00  0.000000e+00  0.000000e+00  
-1.08672  3.127986e+00  0.000000e+00  0.000000e+00  0.000000e+00  0.000000e+00  0.000000e+00  
-1.08619  3.166764e+00  0.000000e+00  0.000000e+00  0.000000e+00  0.000000e+00  0.000000e+00  
-1.08567  3.171570e+00  0.000000e+00  0.000000e+00  0.000000e+00  0.000000e+00  0.000000e+00  
-1.08514  3.171558e+00  0.000000e+00  0.000000e+00  0.000000e+00  0.000000e+00  0.000000e+00  
-1.08462  3.171546e+00  0.000000e+00  0.000000e+00  0.000000e+00  0.000000e+00  0.000000e+00  
-1.0841  3.213181e+00  0.000000e+00  0.000000e+00  0.000000e+00  0.000000e+00  0.000000e+00  
-1.08358  3.215737e+00  0.000000e+00  0.000000e+00  0.000000e+00  0.000000e+00  0.000000e+00  
-1.08306  3.215724e+00  0.000000e+00  0.000000e+00  0.000000e+00  0.000000e+00  0.000000e+00  
-1.08254  3.259694e+00  0.000000e+00  0.000000e+00  0.000000e+00  0.000000e+00  0.000000e+00  
-1.08202  3.260531e+00  0.000000e+00  0.000000e+00  0.000000e+00  0.000000e+00  0.000000e+00  
-1.0815  3.260518e+00  0.000000e+00  0.000000e+00  0.000000e+00  0.000000e+00  0.000000e+00  
-1.08098  3.261377e+00  0.000000e+00  0.000000e+00  0.000000e+00  0.000000e+00  0.000000e+00  
-1.08047  3.305949e+00  0.000000e+00  0.000000e+00  0.000000e+00  0.000000e+00  0.000000e+00  
-1.07995  3.305936e+00  0.000000e+00  0.000000e+00  0.000000e+00  0.000000e+00  0.000000e+00  
-1.07943  3.305924e+00  0.000000e+00  0.000000e+00  0.000000e+00  0.000000e+00  0.000000e+00  
-1.07892  3.309212e+00  0.000000e+00  0.000000e+00  0.000000e+00  0.000000e+00  0.000000e+00  
-1.0784  3.351987e+00  0.000000e+00  0.000000e+00  0.000000e+00  0.000000e+00  0.000000e+00  
-1.07789  3.351974e+00  0.000000e+00  0.000000e+00  0.000000e+00  0.000000e+00  0.000000e+00  
-1.07738  3.354527e+00  0.000000e+00  0.000000e+00  0.000000e+00  0.000000e+00  0.000000e+00  
-1.07686  3.378192e+00  0.000000e+00  0.000000e+00  0.000000e+00  0.000000e+00  0.000000e+00  
-1.07635  3.398666e+00  0.000000e+00  0.000000e+00  0.000000e+00  0.000000e+00  0.000000e+00  
-1.07584  3.398653e+00  0.000000e+00  0.000000e+00  0.000000e+00  0.000000e+00  0.000000e+00  
-1.07533  3.406324e+00  0.000000e+00  0.000000e+00  0.000000e+00  0.000000e+00  0.000000e+00  
-1.07482  3.446008e+00  0.000000e+00  0.000000e+00  0.000000e+00  0.000000e+00  0.000000e+00  
-1.07431  3.445995e+00  0.000000e+00  0.000000e+00  0.000000e+00  0.000000e+00  0.000000e+00  
-1.0738  3.445982e+00  0.000000e+00  0.000000e+00  0.000000e+00  0.000000e+00  0.000000e+00  
-1.07329  3.456241e+00  0.000000e+00  0.000000e+00  0.000000e+00  0.000000e+00  0.000000e+00  
-1.07278  3.493996e+00  0.000000e+00  0.000000e+00  0.000000e+00  0.000000e+00  0.000000e+00  
-1.07227  3.493983e+00  0.000000e+00  0.000000e+00  0.000000e+00  0.000000e+00  0.000000e+00  
-1.07177  3.493970e+00  0.000000e+00  0.000000e+00  0.000000e+00  0.000000e+00  0.000000e+00  
-1.07126  3.506917e+00  0.000000e+00  0.000000e+00  0.000000e+00  0.000000e+00  0.000000e+00  
-1.07075  3.542653e+00  0.000000e+00  0.000000e+00  0.000000e+00  0.000000e+00  0.000000e+00  
-1.07025  3.542640e+00  0.000000e+00  0.000000e+00  0.000000e+00  0.000000e+00  0.000000e+00  
-1.06974  3.542626e+00  0.000000e+00  0.000000e+00  0.000000e+00  0.000000e+00  0.000000e+00  
-1.06924  3.558311e+00  0.000000e+00  0.000000e+00  0.000000e+00  0.000000e+00  0.000000e+00  
-1.06874  3.591987e+00  0.000000e+00  0.000000e+00  0.000000e+00  0.000000e+00  0.000000e+00  
-1.06823  3.591974e+00  0.000000e+00  0.000000e+00  0.000000e+00  0.000000e+00  0.000000e+00  
-1.06773  3.591960e+00  0.000000e+00  0.000000e+00  0.000000e+00  0.000000e+00  0.000000e+00  
-1.06723  3.610442e+00  0.000000e+00  0.000000e+00  0.000000e+00  0.000000e+00  0.000000e+00  
-1.06673  3.642009e+00  0.000000e+00  0.000000e+00  0.000000e+00  0.000000e+00  0.000000e+00  
-1.06623  3.641995e+00  0.000000e+00  0.000000e+00  0.000000e+00  0.000000e+00  0.000000e+00  
-1.06573  3.641981e+00  0.000000e+00  0.000000e+00  0.000000e+00  0.000000e+00  0.000000e+00  
-1.06523  3.663365e+00  0.000000e+00  0.000000e+00  0.000000e+00  0.000000e+00  0.000000e+00  
-1.06473  3.692726e+00  0.000000e+00  0.000000e+00  0.000000e+00  0.000000e+00  0.000000e+00  
-1.06423  3.692712e+00  0.000000e+00  0.000000e+00  0.000000e+00  0.000000e+00  0.000000e+00  
-1.06373  3.692698e+00  0.000000e+00  0.000000e+00  0.000000e+00  0.000000e+00  0.000000e+00  
-1.06324  3.717079e+00  0.000000e+00  0.000000e+00  0.000000e+00  0.000000e+00  0.000000e+00  
-1.06274  3.744151e+00  0.000000e+00  0.000000e+00  0.000000e+00  0.000000e+00  0.000000e+00  
-1.06224  3.744136e+00  0.000000e+00  0.000000e+00  0.000000e+00  0.000000e+00  0.000000e+00  
-1.06175  3.744122e+00  0.000000e+00  0.000000e+00  0.000000e+00  0.000000e+00  0.000000e+00  
-1.06125  3.744108e+00  0.000000e+00  0.000000e+00  0.000000e+00  0.000000e+00  0.000000e+00  
-1.06076  3.744094e+00  0.000000e+00  0.000000e+00  0.000000e+00  0.000000e+00  0.000000e+00  
-1.06026  3.744079e+00  0.000000e+00  0.000000e+00  0.000000e+00  0.000000e+00  0.000000e+00  
-1.05977  3.744065e+00  0.000000e+00  0.000000e+00  0.000000e+00  0.000000e+00  0.000000e+00  
-1.05928  3.774189e+00  0.000000e+00  0.000000e+00  0.000000e+00  0.000000e+00  0.000000e+00  
-1.05879  3.796233e+00  0.000000e+00  0.000000e+00  0.000000e+00  0.000000e+00  0.000000e+00  
-1.0583  3.796219e+00  0.000000e+00  0.000000e+00  0.000000e+00  0.000000e+00  0.000000e+00  
-1.0578  3.828800e+00  0.000000e+00  0.000000e+00  0.000000e+00  0.000000e+00  0.000000e+00  
-1.05731  3.849113e+00  0.000000e+00  0.000000e+00  0.000000e+00  0.000000e+00  0.000000e+00  
-1.05682  3.849099e+00  0.000000e+00  0.000000e+00  0.000000e+00  0.000000e+00  0.000000e+00  
-1.05633  3.849084e+00  0.000000e+00  0.000000e+00  0.000000e+00  0.000000e+00  0.000000e+00  
-1.05585  3.849069e+00  0.000000e+00  0.000000e+00  0.000000e+00  0.000000e+00  0.000000e+00  
-1.05536  3.849055e+00  0.000000e+00  0.000000e+00  0.000000e+00  0.000000e+00  0.000000e+00  
-1.05487  3.849040e+00  0.000000e+00  0.000000e+00  0.000000e+00  0.000000e+00  0.000000e+00  
-1.05438  3.849025e+00  0.000000e+00  0.000000e+00  0.000000e+00  0.000000e+00  0.000000e+00  
-1.0539  3.849011e+00  0.000000e+00  0.000000e+00  0.000000e+00  0.000000e+00  0.000000e+00  
-1.05341  3.888324e+00  0.000000e+00  0.000000e+00  0.000000e+00  0.000000e+00  0.000000e+00  
-1.05293  3.902641e+00  0.000000e+00  0.000000e+00  0.000000e+00  0.000000e+00  0.000000e+00  
-1.05244  3.902626e+00  0.000000e+00  0.000000e+00  0.000000e+00  0.000000e+00  0.000000e+00  
-1.05196  3.944616e+00  0.000000e+00  0.000000e+00  0.000000e+00  0.000000e+00  0.000000e+00  
-1.05147  3.957003e+00  0.000000e+00  0.000000e+00  0.000000e+00  0.000000e+00  0.000000e+00  
-1.05099  3.956988e+00  0.000000e+00  0.000000e+00  0.000000e+00  0.000000e+00  0.000000e+00  
-1.05051  3.956973e+00  0.000000e+00  0.000000e+00  0.000000e+00  0.000000e+00  0.000000e+00  
-1.05002  3.956958e+00  0.000000e+00  0.000000e+00  0.000000e+00  0.000000e+00  0.000000e+00  
-1.04954  3.956943e+00  0.000000e+00  0.000000e+00  0.000000e+00  0.000000e+00  0.000000e+00  
-1.04906  3.956928e+00  0.000000e+00  0.000000e+00  0.000000e+00  0.000000e+00  0.000000e+00  
-1.04858  3.956913e+00  0.000000e+00  0.000000e+00  0.000000e+00  0.000000e+00  0.000000e+00  
-1.0481  4.005176e+00  0.000000e+00  0.000000e+00  0.000000e+00  0.000000e+00  0.000000e+00  
-1.04762  4.012047e+00  0.000000e+00  0.000000e+00  0.000000e+00  0.000000e+00  0.000000e+00  
-1.04714  4.012031e+00  0.000000e+00  0.000000e+00  0.000000e+00  0.000000e+00  0.000000e+00  
-1.04666  4.012016e+00  0.000000e+00  0.000000e+00  0.000000e+00  0.000000e+00  0.000000e+00  
-1.04618  4.012001e+00  0.000000e+00  0.000000e+00  0.000000e+00  0.000000e+00  0.000000e+00  
-1.04571  4.064561e+00  0.000000e+00  0.000000e+00  0.000000e+00  0.000000e+00  0.000000e+00  
-1.04523  4.067902e+00  0.000000e+00  0.000000e+00  0.000000e+00  0.000000e+00  0.000000e+00  
-1.04475  4.067887e+00  0.000000e+00  0.000000e+00  0.000000e+00  0.000000e+00  0.000000e+00  
-1.04428  4.067871e+00  0.000000e+00  0.000000e+00  0.000000e+00  0.000000e+00  0.000000e+00  
-1.0438  4.067856e+00  0.000000e+00  0.000000e+00  0.000000e+00  0.000000e+00  0.000000e+00  
-1.04333  4.067840e+00  0.000000e+00  0.000000e+00  0.000000e+00  0.000000e+00  0.000000e+00  
-1.04285  4.068856e+00  0.000000e+00  0.000000e+00  0.000000e+00  0.000000e+00  0.000000e+00  
-1.04238  4.124519e+00  0.000000e+00  0.000000e+00  0.000000e+00  0.000000e+00  0.000000e+00  
-1.04191  4.124504e+00  0.000000e+00  0.000000e+00  0.000000e+00  0.000000e+00  0.000000e+00  
-1.04143  4.124488e+00  0.000000e+00  0.000000e+00  0.000000e+00  0.000000e+00  0.000000e+00  
-1.04096  4.124472e+00  0.000000e+00  0.000000e+00  0.000000e+00  0.000000e+00  0.000000e+00  
-1.04049  4.129229e+00  0.000000e+00  0.000000e+00  0.000000e+00  0.000000e+00  0.000000e+00  
-1.04002  4.181941e+00  0.000000e+00  0.000000e+00  0.000000e+00  0.000000e+00  0.000000e+00  
-1.03955  4.181925e+00  0.000000e+00  0.000000e+00  0.000000e+00  0.000000e+00  0.000000e+00  
-1.03908  4.181909e+00  0.000000e+00  0.000000e+00  0.000000e+00  0.000000e+00  0.000000e+00  
-1.03861  4.181893e+00  0.000000e+00  0.000000e+00  0.000000e+00  0.000000e+00  0.000000e+00  
-1.03814  4.181877e+00  0.000000e+00  0.000000e+00  0.000000e+00  0.000000e+00  0.000000e+00  
-1.03767  4.181861e+00  0.000000e+00  0.000000e+00  0.000000e+00  0.000000e+00  0.000000e+00  
-1.0372  4.191973e+00  0.000000e+00  0.000000e+00  0.000000e+00  0.000000e+00  0.000000e+00  
-1.03673  4.240129e+00  0.000000e+00  0.000000e+00  0.000000e+00  0.000000e+00  0.000000e+00  
-1.03627  4.240113e+00  0.000000e+00  0.000000e+00  0.000000e+00  0.000000e+00  0.000000e+00  
-1.0358  4.240097e+00  0.000000e+00  0.000000e+00  0.000000e+00  0.000000e+00  0.000000e+00  
-1.03533  4.240081e+00  0.000000e+00  0.000000e+00  0.000000e+00  0.000000e+00  0.000000e+00  
-1.03487  4.254169e+00  0.000000e+00  0.000000e+00  0.000000e+00  0.000000e+00  0.000000e+00  
-1.0344  4.299160e+00  0.000000e+00  0.000000e+00  0.000000e+00  0.000000e+00  0.000000e+00  
-1.03394  4.299144e+00  0.000000e+00  0.000000e+00  0.000000e+00  0.000000e+00  0.000000e+00  
-1.03347  4.299127e+00  0.000000e+00  0.000000e+00  0.000000e+00  0.000000e+00  0.000000e+00  
-1.03301  4.299111e+00  0.000000e+00  0.000000e+00  0.000000e+00  0.000000e+00  0.000000e+00  
-1.03255  4.299095e+00  0.000000e+00  0.000000e+00  0.000000e+00  0.000000e+00  0.000000e+00  
-1.03208  4.299078e+00  0.000000e+00  0.000000e+00  0.000000e+00  0.000000e+00  0.000000e+00  
-1.03162  4.299062e+00  0.000000e+00  0.000000e+00  0.000000e+00  0.000000e+00  0.000000e+00  
-1.03116  4.319560e+00  0.000000e+00  0.000000e+00  0.000000e+00  0.000000e+00  0.000000e+00  
-1.0307  4.358963e+00  0.000000e+00  0.000000e+00  0.000000e+00  0.000000e+00  0.000000e+00  
-1.03024  4.358946e+00  0.000000e+00  0.000000e+00  0.000000e+00  0.000000e+00  0.000000e+00  
-1.02978  4.382105e+00  0.000000e+00  0.000000e+00  0.000000e+00  0.000000e+00  0.000000e+00  
-1.02932  4.419682e+00  0.000000e+00  0.000000e+00  0.000000e+00  0.000000e+00  0.000000e+00  
-1.02886  4.419665e+00  0.000000e+00  0.000000e+00  0.000000e+00  0.000000e+00  0.000000e+00  
-1.0284  4.419648e+00  0.000000e+00  0.000000e+00  0.000000e+00  0.000000e+00  0.000000e+00  
-1.02794  4.419631e+00  0.000000e+00  0.000000e+00  0.000000e+00  0.000000e+00  0.000000e+00  
-1.02748  4.419614e+00  0.000000e+00  0.000000e+00  0.000000e+00  0.000000e+00  0.000000e+00  
-1.02703  4.447880e+00  0.000000e+00  0.000000e+00  0.000000e+00  0.000000e+00  0.000000e+00  
-1.02657  4.481195e+00  0.000000e+00  0.000000e+00  0.000000e+00  0.000000e+00  0.000000e+00  
-1.02611  4.481178e+00  0.000000e+00  0.000000e+00  0.000000e+00  0.000000e+00  0.000000e+00  
-1.02566  4.481161e+00  0.000000e+00  0.000000e+00  0.000000e+00  0.000000e+00  0.000000e+00  
-1.0252  4.481144e+00  0.000000e+00  0.000000e+00  0.000000e+00  0.000000e+00  0.000000e+00  
-1.02475  4.513856e+00  0.000000e+00  0.000000e+00  0.000000e+00  0.000000e+00  0.000000e+00  
-1.02429  4.543582e+00  0.000000e+00  0.000000e+00  0.000000e+00  0.000000e+00  0.000000e+00  
-1.02384  4.543565e+00  0.000000e+00  0.000000e+00  0.000000e+00  0.000000e+00  0.000000e+00  
-1.02338  4.543547e+00  0.000000e+00  0.000000e+00  0.000000e+00  0.000000e+00  0.000000e+00  
-1.02293  4.543530e+00  0.000000e+00  0.000000e+00  0.000000e+00  0.000000e+00  0.000000e+00  
-1.02248  4.543513e+00  0.000000e+00  0.000000e+00  0.000000e+00  0.000000e+00  0.000000e+00  
-1.02203  4.581599e+00  0.000000e+00  0.000000e+00  0.000000e+00  0.000000e+00  0.000000e+00  
-1.02157  4.606820e+00  0.000000e+00  0.000000e+00  0.000000e+00  0.000000e+00  0.000000e+00  
-1.02112  4.606802e+00  0.000000e+00  0.000000e+00  0.000000e+00  0.000000e+00  0.000000e+00  
-1.02067  4.606785e+00  0.000000e+00  0.000000e+00  0.000000e+00  0.000000e+00  0.000000e+00  
-1.02022  4.648749e+00  0.000000e+00  0.000000e+00  0.000000e+00  0.000000e+00  0.000000e+00  
-1.01977  4.670974e+00  0.000000e+00  0.000000e+00  0.000000e+00  0.000000e+00  0.000000e+00  
-1.01932  4.670956e+00  0.000000e+00  0.000000e+00  0.000000e+00  0.000000e+00  0.000000e+00  
-1.01887  4.670938e+00  0.000000e+00  0.000000e+00  0.000000e+00  0.000000e+00  0.000000e+00  
-1.01843  4.670920e+00  0.000000e+00  0.000000e+00  0.000000e+00  0.000000e+00  0.000000e+00  
-1.01798  4.670902e+00  0.000000e+00  0.000000e+00  0.000000e+00  0.000000e+00  0.000000e+00  
-1.01753  4.718498e+00  0.000000e+00  0.000000e+00  0.000000e+00  0.000000e+00  0.000000e+00  
-1.01708  4.735985e+00  0.000000e+00  0.000000e+00  0.000000e+00  0.000000e+00  0.000000e+00  
-1.01664  4.735966e+00  0.000000e+00  0.000000e+00  0.000000e+00  0.000000e+00  0.000000e+00  
-1.01619  4.735948e+00  0.000000e+00  0.000000e+00  0.000000e+00  0.000000e+00  0.000000e+00  
-1.01575  4.735930e+00  0.000000e+00  0.000000e+00  0.000000e+00  0.000000e+00  0.000000e+00  
-1.0153  4.788469e+00  0.000000e+00  0.000000e+00  0.000000e+00  0.000000e+00  0.000000e+00  
-1.01486  4.801919e+00  0.000000e+00  0.000000e+00  0.000000e+00  0.000000e+00  0.000000e+00  
-1.01441  4.801900e+00  0.000000e+00  0.000000e+00  0.000000e+00  0.000000e+00  0.000000e+00  
-1.01397  4.801882e+00  0.000000e+00  0.000000e+00  0.000000e+00  0.000000e+00  0.000000e+00  
-1.01352  4.801864e+00  0.000000e+00  0.000000e+00  0.000000e+00  0.000000e+00  0.000000e+00  
-1.01308  4.801845e+00  0.000000e+00  0.000000e+00  0.000000e+00  0.000000e+00  0.000000e+00  
-1.01264  4.860341e+00  0.000000e+00  0.000000e+00  0.000000e+00  0.000000e+00  0.000000e+00  
-1.0122  4.868752e+00  0.000000e+00  0.000000e+00  0.000000e+00  0.000000e+00  0.000000e+00  
-1.01176  4.868734e+00  0.000000e+00  0.000000e+00  0.000000e+00  0.000000e+00  0.000000e+00  
-1.01131  4.868715e+00  0.000000e+00  0.000000e+00  0.000000e+00  0.000000e+00  0.000000e+00  
-1.01087  4.868697e+00  0.000000e+00  0.000000e+00  0.000000e+00  0.000000e+00  0.000000e+00  
-1.01043  4.932410e+00  0.000000e+00  0.000000e+00  0.000000e+00  0.000000e+00  0.000000e+00  
-1.00999  4.936534e+00  0.000000e+00  0.000000e+00  0.000000e+00  0.000000e+00  0.000000e+00  
-1.00955  4.936516e+00  0.000000e+00  0.000000e+00  0.000000e+00  0.000000e+00  0.000000e+00  
-1.00912  4.936497e+00  0.000000e+00  0.000000e+00  0.000000e+00  0.000000e+00  0.000000e+00  
-1.00868  4.936478e+00  0.000000e+00  0.000000e+00  0.000000e+00  0.000000e+00  0.000000e+00  
-1.00824  5.005280e+00  0.000000e+00  0.000000e+00  0.000000e+00  0.000000e+00  0.000000e+00  
-1.0078  5.005261e+00  0.000000e+00  0.000000e+00  0.000000e+00  0.000000e+00  0.000000e+00  
-1.00736  5.005242e+00  0.000000e+00  0.000000e+00  0.000000e+00  0.000000e+00  0.000000e+00  
-1.00693  5.005223e+00  0.000000e+00  0.000000e+00  0.000000e+00  0.000000e+00  0.000000e+00  
-1.00649  5.005204e+00  0.000000e+00  0.000000e+00  0.000000e+00  0.000000e+00  0.000000e+00  
-1.00606  5.009976e+00  0.000000e+00  0.000000e+00  0.000000e+00  0.000000e+00  0.000000e+00  
-1.00562  5.074943e+00  0.000000e+00  0.000000e+00  0.000000e+00  0.000000e+00  0.000000e+00  
-1.00519  5.074924e+00  0.000000e+00  0.000000e+00  0.000000e+00  0.000000e+00  0.000000e+00  
-1.00475  5.074905e+00  0.000000e+00  0.000000e+00  0.000000e+00  0.000000e+00  0.000000e+00  
-1.00432  5.074886e+00  0.000000e+00  0.000000e+00  0.000000e+00  0.000000e+00  0.000000e+00  
-1.00388  5.084310e+00  0.000000e+00  0.000000e+00  0.000000e+00  0.000000e+00  0.000000e+00  
-1.00345  5.145597e+00  0.000000e+00  0.000000e+00  0.000000e+00  0.000000e+00  0.000000e+00  
-1.00302  5.145577e+00  0.000000e+00  0.000000e+00  0.000000e+00  0.000000e+00  0.000000e+00  
-1.00258  5.145557e+00  0.000000e+00  0.000000e+00  0.000000e+00  0.000000e+00  0.000000e+00  
-1.00215  5.158817e+00  0.000000e+00  0.000000e+00  0.000000e+00  0.000000e+00  0.000000e+00  
-1.00172  5.217253e+00  0.000000e+00  0.000000e+00  0.000000e+00  0.000000e+00  0.000000e+00  
-1.00129  5.232570e+00  0.000000e+00  0.000000e+00  0.000000e+00  0.000000e+00  0.000000e+00  
-1.00086  5.306486e+00  0.000000e+00  0.000000e+00  0.000000e+00  0.000000e+00  0.000000e+00  
-1.00043  5.363675e+00  0.000000e+00  0.000000e+00  0.000000e+00  0.000000e+00  0.000000e+00  