# Cross section (10^-38 cm^2/GeV) #
# log(energy in GeV)  nu_e      nu_mu      nu_tau      nu_e_bar      nu_mu_bar    nu_tau_bar #

-3.30103  0.000000e+00  0.000000e+00  0.000000e+00  0.000000e+00  0.000000e+00  0.000000e+00  
-3.22264  0.000000e+00  0.000000e+00  0.000000e+00  0.000000e+00  0.000000e+00  0.000000e+00  
-3.15626  0.000000e+00  0.000000e+00  0.000000e+00  0.000000e+00  0.000000e+00  0.000000e+00  
-3.09869  0.000000e+00  0.000000e+00  0.000000e+00  0.000000e+00  0.000000e+00  0.000000e+00  
-3.04787  0.000000e+00  0.000000e+00  0.000000e+00  0.000000e+00  0.000000e+00  0.000000e+00  
-3.00238  0.000000e+00  0.000000e+00  0.000000e+00  0.000000e+00  0.000000e+00  0.000000e+00  
-2.96121  0.000000e+00  0.000000e+00  0.000000e+00  0.000000e+00  0.000000e+00  0.000000e+00  
-2.9236  0.000000e+00  0.000000e+00  0.000000e+00  0.000000e+00  0.000000e+00  0.000000e+00  
-2.88899  0.000000e+00  0.000000e+00  0.000000e+00  0.000000e+00  0.000000e+00  0.000000e+00  
-2.85694  0.000000e+00  0.000000e+00  0.000000e+00  0.000000e+00  0.000000e+00  0.000000e+00  
-2.82709  0.000000e+00  0.000000e+00  0.000000e+00  0.000000e+00  0.000000e+00  0.000000e+00  
-2.79916  0.000000e+00  0.000000e+00  0.000000e+00  0.000000e+00  0.000000e+00  0.000000e+00  
-2.77292  0.000000e+00  0.000000e+00  0.000000e+00  0.000000e+00  0.000000e+00  0.000000e+00  
-2.74817  0.000000e+00  0.000000e+00  0.000000e+00  0.000000e+00  0.000000e+00  0.000000e+00  
-2.72476  0.000000e+00  0.000000e+00  0.000000e+00  0.000000e+00  0.000000e+00  0.000000e+00  
-2.70255  0.000000e+00  0.000000e+00  0.000000e+00  0.000000e+00  0.000000e+00  0.000000e+00  
-2.68141  0.000000e+00  0.000000e+00  0.000000e+00  0.000000e+00  0.000000e+00  0.000000e+00  
-2.66126  0.000000e+00  0.000000e+00  0.000000e+00  0.000000e+00  0.000000e+00  0.000000e+00  
-2.642  0.000000e+00  0.000000e+00  0.000000e+00  0.000000e+00  0.000000e+00  0.000000e+00  
-2.62356  0.000000e+00  0.000000e+00  0.000000e+00  0.000000e+00  0.000000e+00  0.000000e+00  
-2.60588  0.000000e+00  0.000000e+00  0.000000e+00  0.000000e+00  0.000000e+00  0.000000e+00  
-2.58888  0.000000e+00  0.000000e+00  0.000000e+00  0.000000e+00  0.000000e+00  0.000000e+00  
-2.57252  0.000000e+00  0.000000e+00  0.000000e+00  0.000000e+00  0.000000e+00  0.000000e+00  
-2.55676  0.000000e+00  0.000000e+00  0.000000e+00  0.000000e+00  0.000000e+00  0.000000e+00  
-2.54155  0.000000e+00  0.000000e+00  0.000000e+00  0.000000e+00  0.000000e+00  0.000000e+00  
-2.52685  0.000000e+00  0.000000e+00  0.000000e+00  0.000000e+00  0.000000e+00  0.000000e+00  
-2.51264  0.000000e+00  0.000000e+00  0.000000e+00  0.000000e+00  0.000000e+00  0.000000e+00  
-2.49888  0.000000e+00  0.000000e+00  0.000000e+00  0.000000e+00  0.000000e+00  0.000000e+00  
-2.48553  0.000000e+00  0.000000e+00  0.000000e+00  0.000000e+00  0.000000e+00  0.000000e+00  
-2.47259  0.000000e+00  0.000000e+00  0.000000e+00  0.000000e+00  0.000000e+00  0.000000e+00  
-2.46002  0.000000e+00  0.000000e+00  0.000000e+00  0.000000e+00  0.000000e+00  0.000000e+00  
-2.44781  0.000000e+00  0.000000e+00  0.000000e+00  0.000000e+00  0.000000e+00  0.000000e+00  
-2.43592  0.000000e+00  0.000000e+00  0.000000e+00  0.000000e+00  0.000000e+00  0.000000e+00  
-2.42436  0.000000e+00  0.000000e+00  0.000000e+00  0.000000e+00  0.000000e+00  0.000000e+00  
-2.4131  0.000000e+00  0.000000e+00  0.000000e+00  0.000000e+00  0.000000e+00  0.000000e+00  
-2.40212  0.000000e+00  0.000000e+00  0.000000e+00  0.000000e+00  0.000000e+00  0.000000e+00  
-2.39141  0.000000e+00  0.000000e+00  0.000000e+00  0.000000e+00  0.000000e+00  0.000000e+00  
-2.38095  0.000000e+00  0.000000e+00  0.000000e+00  0.000000e+00  0.000000e+00  0.000000e+00  
-2.37075  0.000000e+00  0.000000e+00  0.000000e+00  0.000000e+00  0.000000e+00  0.000000e+00  
-2.36078  0.000000e+00  0.000000e+00  0.000000e+00  0.000000e+00  0.000000e+00  0.000000e+00  
-2.35103  0.000000e+00  0.000000e+00  0.000000e+00  0.000000e+00  0.000000e+00  0.000000e+00  
-2.3415  0.000000e+00  0.000000e+00  0.000000e+00  0.000000e+00  0.000000e+00  0.000000e+00  
-2.33217  0.000000e+00  0.000000e+00  0.000000e+00  0.000000e+00  0.000000e+00  0.000000e+00  
-2.32303  0.000000e+00  0.000000e+00  0.000000e+00  0.000000e+00  0.000000e+00  0.000000e+00  
-2.31409  0.000000e+00  0.000000e+00  0.000000e+00  0.000000e+00  0.000000e+00  0.000000e+00  
-2.30533  0.000000e+00  0.000000e+00  0.000000e+00  0.000000e+00  0.000000e+00  0.000000e+00  
-2.29673  0.000000e+00  0.000000e+00  0.000000e+00  0.000000e+00  0.000000e+00  0.000000e+00  
-2.28831  0.000000e+00  0.000000e+00  0.000000e+00  0.000000e+00  0.000000e+00  0.000000e+00  
-2.28005  0.000000e+00  0.000000e+00  0.000000e+00  0.000000e+00  0.000000e+00  0.000000e+00  
-2.27194  0.000000e+00  0.000000e+00  0.000000e+00  0.000000e+00  0.000000e+00  0.000000e+00  
-2.26398  0.000000e+00  0.000000e+00  0.000000e+00  0.000000e+00  0.000000e+00  0.000000e+00  
-2.25616  0.000000e+00  0.000000e+00  0.000000e+00  0.000000e+00  0.000000e+00  0.000000e+00  
-2.24848  0.000000e+00  0.000000e+00  0.000000e+00  0.000000e+00  0.000000e+00  0.000000e+00  
-2.24093  0.000000e+00  0.000000e+00  0.000000e+00  0.000000e+00  0.000000e+00  0.000000e+00  
-2.23352  0.000000e+00  0.000000e+00  0.000000e+00  0.000000e+00  0.000000e+00  0.000000e+00  
-2.22622  0.000000e+00  0.000000e+00  0.000000e+00  0.000000e+00  0.000000e+00  0.000000e+00  
-2.21905  0.000000e+00  0.000000e+00  0.000000e+00  0.000000e+00  0.000000e+00  0.000000e+00  
-2.212  0.000000e+00  0.000000e+00  0.000000e+00  0.000000e+00  0.000000e+00  0.000000e+00  
-2.20505  0.000000e+00  0.000000e+00  0.000000e+00  0.000000e+00  0.000000e+00  0.000000e+00  
-2.19822  0.000000e+00  0.000000e+00  0.000000e+00  0.000000e+00  0.000000e+00  0.000000e+00  
-2.19149  0.000000e+00  0.000000e+00  0.000000e+00  0.000000e+00  0.000000e+00  0.000000e+00  
-2.18487  0.000000e+00  0.000000e+00  0.000000e+00  0.000000e+00  0.000000e+00  0.000000e+00  
-2.17834  0.000000e+00  0.000000e+00  0.000000e+00  0.000000e+00  0.000000e+00  0.000000e+00  
-2.17191  0.000000e+00  0.000000e+00  0.000000e+00  0.000000e+00  0.000000e+00  0.000000e+00  
-2.16558  0.000000e+00  0.000000e+00  0.000000e+00  0.000000e+00  0.000000e+00  0.000000e+00  
-2.15933  0.000000e+00  0.000000e+00  0.000000e+00  0.000000e+00  0.000000e+00  0.000000e+00  
-2.15318  0.000000e+00  0.000000e+00  0.000000e+00  0.000000e+00  0.000000e+00  0.000000e+00  
-2.14711  0.000000e+00  0.000000e+00  0.000000e+00  0.000000e+00  0.000000e+00  0.000000e+00  
-2.14112  0.000000e+00  0.000000e+00  0.000000e+00  0.000000e+00  0.000000e+00  0.000000e+00  
-2.13522  0.000000e+00  0.000000e+00  0.000000e+00  0.000000e+00  0.000000e+00  0.000000e+00  
-2.12939  0.000000e+00  0.000000e+00  0.000000e+00  0.000000e+00  0.000000e+00  0.000000e+00  
-2.12365  0.000000e+00  0.000000e+00  0.000000e+00  0.000000e+00  0.000000e+00  0.000000e+00  
-2.11797  0.000000e+00  0.000000e+00  0.000000e+00  0.000000e+00  0.000000e+00  0.000000e+00  
-2.11237  0.000000e+00  0.000000e+00  0.000000e+00  0.000000e+00  0.000000e+00  0.000000e+00  
-2.10684  0.000000e+00  0.000000e+00  0.000000e+00  0.000000e+00  0.000000e+00  0.000000e+00  
-2.10138  0.000000e+00  0.000000e+00  0.000000e+00  0.000000e+00  0.000000e+00  0.000000e+00  
-2.09599  0.000000e+00  0.000000e+00  0.000000e+00  0.000000e+00  0.000000e+00  0.000000e+00  
-2.09067  0.000000e+00  0.000000e+00  0.000000e+00  0.000000e+00  0.000000e+00  0.000000e+00  
-2.08541  0.000000e+00  0.000000e+00  0.000000e+00  0.000000e+00  0.000000e+00  0.000000e+00  
-2.08021  0.000000e+00  0.000000e+00  0.000000e+00  0.000000e+00  0.000000e+00  0.000000e+00  
-2.07507  0.000000e+00  0.000000e+00  0.000000e+00  0.000000e+00  0.000000e+00  0.000000e+00  
-2.07  0.000000e+00  0.000000e+00  0.000000e+00  0.000000e+00  0.000000e+00  0.000000e+00  
-2.06498  0.000000e+00  0.000000e+00  0.000000e+00  0.000000e+00  0.000000e+00  0.000000e+00  
-2.06002  0.000000e+00  0.000000e+00  0.000000e+00  0.000000e+00  0.000000e+00  0.000000e+00  
-2.05512  0.000000e+00  0.000000e+00  0.000000e+00  0.000000e+00  0.000000e+00  0.000000e+00  
-2.05027  0.000000e+00  0.000000e+00  0.000000e+00  0.000000e+00  0.000000e+00  0.000000e+00  
-2.04547  0.000000e+00  0.000000e+00  0.000000e+00  0.000000e+00  0.000000e+00  0.000000e+00  
-2.04073  0.000000e+00  0.000000e+00  0.000000e+00  0.000000e+00  0.000000e+00  0.000000e+00  
-2.03603  0.000000e+00  0.000000e+00  0.000000e+00  0.000000e+00  0.000000e+00  0.000000e+00  
-2.03139  0.000000e+00  0.000000e+00  0.000000e+00  0.000000e+00  0.000000e+00  0.000000e+00  
-2.0268  0.000000e+00  0.000000e+00  0.000000e+00  0.000000e+00  0.000000e+00  0.000000e+00  
-2.02225  0.000000e+00  0.000000e+00  0.000000e+00  0.000000e+00  0.000000e+00  0.000000e+00  
-2.01776  0.000000e+00  0.000000e+00  0.000000e+00  0.000000e+00  0.000000e+00  0.000000e+00  
-2.0133  0.000000e+00  0.000000e+00  0.000000e+00  0.000000e+00  0.000000e+00  0.000000e+00  
-2.0089  0.000000e+00  0.000000e+00  0.000000e+00  0.000000e+00  0.000000e+00  0.000000e+00  
-2.00453  0.000000e+00  0.000000e+00  0.000000e+00  0.000000e+00  0.000000e+00  0.000000e+00  
-2.00022  1.627828e-02  0.000000e+00  0.000000e+00  0.000000e+00  0.000000e+00  0.000000e+00  
-1.99594  1.638309e-02  0.000000e+00  0.000000e+00  0.000000e+00  0.000000e+00  0.000000e+00  
-1.9917  1.661442e-02  0.000000e+00  0.000000e+00  0.000000e+00  0.000000e+00  0.000000e+00  
-1.98751  1.684917e-02  0.000000e+00  0.000000e+00  0.000000e+00  0.000000e+00  0.000000e+00  
-1.98336  1.696847e-02  0.000000e+00  0.000000e+00  0.000000e+00  0.000000e+00  0.000000e+00  
-1.97924  1.708998e-02  0.000000e+00  0.000000e+00  0.000000e+00  0.000000e+00  0.000000e+00  
-1.97517  1.733123e-02  0.000000e+00  0.000000e+00  0.000000e+00  0.000000e+00  0.000000e+00  
-1.97113  1.757588e-02  0.000000e+00  0.000000e+00  0.000000e+00  0.000000e+00  0.000000e+00  
-1.96713  1.782434e-02  0.000000e+00  0.000000e+00  0.000000e+00  0.000000e+00  0.000000e+00  
-1.96316  1.807594e-02  0.000000e+00  0.000000e+00  0.000000e+00  0.000000e+00  0.000000e+00  
-1.95924  1.833106e-02  0.000000e+00  0.000000e+00  0.000000e+00  0.000000e+00  0.000000e+00  
-1.95534  1.858977e-02  0.000000e+00  0.000000e+00  0.000000e+00  0.000000e+00  0.000000e+00  
-1.95148  1.893208e-02  0.000000e+00  0.000000e+00  0.000000e+00  0.000000e+00  0.000000e+00  
-1.94766  1.941856e-02  0.000000e+00  0.000000e+00  0.000000e+00  0.000000e+00  0.000000e+00  
-1.94387  1.988267e-02  0.000000e+00  0.000000e+00  0.000000e+00  0.000000e+00  0.000000e+00  
-1.94011  2.021445e-02  0.000000e+00  0.000000e+00  0.000000e+00  0.000000e+00  0.000000e+00  
-1.93638  2.059400e-02  0.000000e+00  0.000000e+00  0.000000e+00  0.000000e+00  0.000000e+00  
-1.93269  2.093412e-02  0.000000e+00  0.000000e+00  0.000000e+00  0.000000e+00  0.000000e+00  
-1.92903  2.133058e-02  0.000000e+00  0.000000e+00  0.000000e+00  0.000000e+00  0.000000e+00  
-1.92539  2.167828e-02  0.000000e+00  0.000000e+00  0.000000e+00  0.000000e+00  0.000000e+00  
-1.92179  2.198435e-02  0.000000e+00  0.000000e+00  0.000000e+00  0.000000e+00  0.000000e+00  
-1.91822  2.240718e-02  0.000000e+00  0.000000e+00  0.000000e+00  0.000000e+00  0.000000e+00  
-1.91467  2.288333e-02  0.000000e+00  0.000000e+00  0.000000e+00  0.000000e+00  0.000000e+00  
-1.91116  2.324861e-02  0.000000e+00  0.000000e+00  0.000000e+00  0.000000e+00  0.000000e+00  
-1.90767  2.370247e-02  0.000000e+00  0.000000e+00  0.000000e+00  0.000000e+00  0.000000e+00  
-1.90421  2.394695e-02  0.000000e+00  0.000000e+00  0.000000e+00  0.000000e+00  0.000000e+00  
-1.90078  2.438027e-02  0.000000e+00  0.000000e+00  0.000000e+00  0.000000e+00  0.000000e+00  
-1.89738  2.503752e-02  0.000000e+00  0.000000e+00  0.000000e+00  0.000000e+00  0.000000e+00  
-1.894  2.531699e-02  0.000000e+00  0.000000e+00  0.000000e+00  0.000000e+00  0.000000e+00  
-1.89065  2.578946e-02  0.000000e+00  0.000000e+00  0.000000e+00  0.000000e+00  0.000000e+00  
-1.88732  2.633704e-02  0.000000e+00  0.000000e+00  0.000000e+00  0.000000e+00  0.000000e+00  
-1.88402  2.673798e-02  0.000000e+00  0.000000e+00  0.000000e+00  0.000000e+00  0.000000e+00  
-1.88074  2.727919e-02  0.000000e+00  0.000000e+00  0.000000e+00  0.000000e+00  0.000000e+00  
-1.87749  2.785809e-02  0.000000e+00  0.000000e+00  0.000000e+00  0.000000e+00  0.000000e+00  
-1.87426  2.810203e-02  0.000000e+00  0.000000e+00  0.000000e+00  0.000000e+00  0.000000e+00  
-1.87106  2.901907e-02  0.000000e+00  0.000000e+00  0.000000e+00  0.000000e+00  0.000000e+00  
-1.86788  3.005370e-02  0.000000e+00  0.000000e+00  0.000000e+00  0.000000e+00  0.000000e+00  
-1.86472  3.052939e-02  0.000000e+00  0.000000e+00  0.000000e+00  0.000000e+00  0.000000e+00  
-1.86159  3.116269e-02  0.000000e+00  0.000000e+00  0.000000e+00  0.000000e+00  0.000000e+00  
-1.85848  3.182525e-02  0.000000e+00  0.000000e+00  0.000000e+00  0.000000e+00  0.000000e+00  
-1.85539  3.250123e-02  0.000000e+00  0.000000e+00  0.000000e+00  0.000000e+00  0.000000e+00  
-1.85232  3.319231e-02  0.000000e+00  0.000000e+00  0.000000e+00  0.000000e+00  0.000000e+00  
-1.84927  3.389715e-02  0.000000e+00  0.000000e+00  0.000000e+00  0.000000e+00  0.000000e+00  
-1.84625  3.437839e-02  0.000000e+00  0.000000e+00  0.000000e+00  0.000000e+00  0.000000e+00  
-1.84324  3.511536e-02  0.000000e+00  0.000000e+00  0.000000e+00  0.000000e+00  0.000000e+00  
-1.84026  3.610607e-02  0.000000e+00  0.000000e+00  0.000000e+00  0.000000e+00  0.000000e+00  
-1.83729  3.686063e-02  0.000000e+00  0.000000e+00  0.000000e+00  0.000000e+00  0.000000e+00  
-1.83435  3.738135e-02  0.000000e+00  0.000000e+00  0.000000e+00  0.000000e+00  0.000000e+00  
-1.83143  3.790888e-02  0.000000e+00  0.000000e+00  0.000000e+00  0.000000e+00  0.000000e+00  
-1.82852  3.846730e-02  0.000000e+00  0.000000e+00  0.000000e+00  0.000000e+00  0.000000e+00  
-1.82564  3.928608e-02  0.000000e+00  0.000000e+00  0.000000e+00  0.000000e+00  0.000000e+00  
-1.82277  4.012013e-02  0.000000e+00  0.000000e+00  0.000000e+00  0.000000e+00  0.000000e+00  
-1.81993  4.097389e-02  0.000000e+00  0.000000e+00  0.000000e+00  0.000000e+00  0.000000e+00  
-1.8171  4.180366e-02  0.000000e+00  0.000000e+00  0.000000e+00  0.000000e+00  0.000000e+00  
-1.81429  4.239425e-02  0.000000e+00  0.000000e+00  0.000000e+00  0.000000e+00  0.000000e+00  
-1.8115  4.304224e-02  0.000000e+00  0.000000e+00  0.000000e+00  0.000000e+00  0.000000e+00  
-1.80872  4.395754e-02  0.000000e+00  0.000000e+00  0.000000e+00  0.000000e+00  0.000000e+00  
-1.80597  4.489155e-02  0.000000e+00  0.000000e+00  0.000000e+00  0.000000e+00  0.000000e+00  
-1.80323  4.584612e-02  0.000000e+00  0.000000e+00  0.000000e+00  0.000000e+00  0.000000e+00  
-1.8005  4.682042e-02  0.000000e+00  0.000000e+00  0.000000e+00  0.000000e+00  0.000000e+00  
-1.7978  4.781648e-02  0.000000e+00  0.000000e+00  0.000000e+00  0.000000e+00  0.000000e+00  
-1.79511  4.874948e-02  0.000000e+00  0.000000e+00  0.000000e+00  0.000000e+00  0.000000e+00  
-1.79244  4.952604e-02  0.000000e+00  0.000000e+00  0.000000e+00  0.000000e+00  0.000000e+00  
-1.78978  5.057905e-02  0.000000e+00  0.000000e+00  0.000000e+00  0.000000e+00  0.000000e+00  
-1.78715  5.155281e-02  0.000000e+00  0.000000e+00  0.000000e+00  0.000000e+00  0.000000e+00  
-1.78452  5.228085e-02  0.000000e+00  0.000000e+00  0.000000e+00  0.000000e+00  0.000000e+00  
-1.78191  5.313260e-02  0.000000e+00  0.000000e+00  0.000000e+00  0.000000e+00  0.000000e+00  
-1.77932  5.426263e-02  0.000000e+00  0.000000e+00  0.000000e+00  0.000000e+00  0.000000e+00  
-1.77675  5.541527e-02  0.000000e+00  0.000000e+00  0.000000e+00  0.000000e+00  0.000000e+00  
-1.77418  5.659416e-02  0.000000e+00  0.000000e+00  0.000000e+00  0.000000e+00  0.000000e+00  
-1.77164  5.765202e-02  0.000000e+00  0.000000e+00  0.000000e+00  0.000000e+00  0.000000e+00  
-1.76911  5.846582e-02  0.000000e+00  0.000000e+00  0.000000e+00  0.000000e+00  0.000000e+00  
-1.76659  5.929142e-02  0.000000e+00  0.000000e+00  0.000000e+00  0.000000e+00  0.000000e+00  
-1.76409  6.029557e-02  0.000000e+00  0.000000e+00  0.000000e+00  0.000000e+00  0.000000e+00  
-1.7616  6.157795e-02  0.000000e+00  0.000000e+00  0.000000e+00  0.000000e+00  0.000000e+00  
-1.75913  6.270071e-02  0.000000e+00  0.000000e+00  0.000000e+00  0.000000e+00  0.000000e+00  
-1.75667  6.358594e-02  0.000000e+00  0.000000e+00  0.000000e+00  0.000000e+00  0.000000e+00  
-1.75422  6.448369e-02  0.000000e+00  0.000000e+00  0.000000e+00  0.000000e+00  0.000000e+00  
-1.75179  6.539407e-02  0.000000e+00  0.000000e+00  0.000000e+00  0.000000e+00  0.000000e+00  
-1.74937  6.631826e-02  0.000000e+00  0.000000e+00  0.000000e+00  0.000000e+00  0.000000e+00  
-1.74696  6.725458e-02  0.000000e+00  0.000000e+00  0.000000e+00  0.000000e+00  0.000000e+00  
-1.74457  6.820360e-02  0.000000e+00  0.000000e+00  0.000000e+00  0.000000e+00  0.000000e+00  
-1.74219  6.916645e-02  0.000000e+00  0.000000e+00  0.000000e+00  0.000000e+00  0.000000e+00  
-1.73983  7.014292e-02  0.000000e+00  0.000000e+00  0.000000e+00  0.000000e+00  0.000000e+00  
-1.73747  7.113319e-02  0.000000e+00  0.000000e+00  0.000000e+00  0.000000e+00  0.000000e+00  
-1.73513  7.214007e-02  0.000000e+00  0.000000e+00  0.000000e+00  0.000000e+00  0.000000e+00  
-1.7328  7.373881e-02  0.000000e+00  0.000000e+00  0.000000e+00  0.000000e+00  0.000000e+00  
-1.73049  7.522391e-02  0.000000e+00  0.000000e+00  0.000000e+00  0.000000e+00  0.000000e+00  
-1.72819  7.628559e-02  0.000000e+00  0.000000e+00  0.000000e+00  0.000000e+00  0.000000e+00  
-1.72589  7.704000e-02  0.000000e+00  0.000000e+00  0.000000e+00  0.000000e+00  0.000000e+00  
-1.72362  7.758139e-02  0.000000e+00  0.000000e+00  0.000000e+00  0.000000e+00  0.000000e+00  
-1.72135  7.847215e-02  0.000000e+00  0.000000e+00  0.000000e+00  0.000000e+00  0.000000e+00  
-1.71909  8.029428e-02  0.000000e+00  0.000000e+00  0.000000e+00  0.000000e+00  0.000000e+00  
-1.71685  8.182517e-02  0.000000e+00  0.000000e+00  0.000000e+00  0.000000e+00  0.000000e+00  
-1.71462  8.298018e-02  0.000000e+00  0.000000e+00  0.000000e+00  0.000000e+00  0.000000e+00  
-1.7124  8.415195e-02  0.000000e+00  0.000000e+00  0.000000e+00  0.000000e+00  0.000000e+00  
-1.71019  8.534063e-02  0.000000e+00  0.000000e+00  0.000000e+00  0.000000e+00  0.000000e+00  
-1.70799  8.654513e-02  0.000000e+00  0.000000e+00  0.000000e+00  0.000000e+00  0.000000e+00  
-1.7058  8.776810e-02  0.000000e+00  0.000000e+00  0.000000e+00  0.000000e+00  0.000000e+00  
-1.70362  8.855612e-02  0.000000e+00  0.000000e+00  0.000000e+00  0.000000e+00  0.000000e+00  
-1.70146  8.917832e-02  0.000000e+00  0.000000e+00  0.000000e+00  0.000000e+00  0.000000e+00  
-1.6993  9.027941e-02  0.000000e+00  0.000000e+00  0.000000e+00  0.000000e+00  0.000000e+00  
-1.69716  9.204727e-02  0.000000e+00  0.000000e+00  0.000000e+00  0.000000e+00  0.000000e+00  
-1.69503  9.349323e-02  0.000000e+00  0.000000e+00  0.000000e+00  0.000000e+00  0.000000e+00  
-1.6929  9.533767e-02  0.000000e+00  0.000000e+00  0.000000e+00  0.000000e+00  0.000000e+00  
-1.69079  9.573543e-02  0.000000e+00  0.000000e+00  0.000000e+00  0.000000e+00  0.000000e+00  
-1.68869  9.573509e-02  0.000000e+00  0.000000e+00  0.000000e+00  0.000000e+00  0.000000e+00  
-1.6866  9.685239e-02  0.000000e+00  0.000000e+00  0.000000e+00  0.000000e+00  0.000000e+00  
-1.68451  9.821904e-02  0.000000e+00  0.000000e+00  0.000000e+00  0.000000e+00  0.000000e+00  
-1.68244  9.960494e-02  0.000000e+00  0.000000e+00  0.000000e+00  0.000000e+00  0.000000e+00  
-1.68038  1.010117e-01  0.000000e+00  0.000000e+00  0.000000e+00  0.000000e+00  0.000000e+00  
-1.67833  1.024383e-01  0.000000e+00  0.000000e+00  0.000000e+00  0.000000e+00  0.000000e+00  
-1.67628  1.038839e-01  0.000000e+00  0.000000e+00  0.000000e+00  0.000000e+00  0.000000e+00  
-1.67425  1.060234e-01  0.000000e+00  0.000000e+00  0.000000e+00  0.000000e+00  0.000000e+00  
-1.67222  1.075823e-01  0.000000e+00  0.000000e+00  0.000000e+00  0.000000e+00  0.000000e+00  
-1.67021  1.083910e-01  0.000000e+00  0.000000e+00  0.000000e+00  0.000000e+00  0.000000e+00  
-1.6682  1.098768e-01  0.000000e+00  0.000000e+00  0.000000e+00  0.000000e+00  0.000000e+00  
-1.66621  1.121781e-01  0.000000e+00  0.000000e+00  0.000000e+00  0.000000e+00  0.000000e+00  
-1.66422  1.130166e-01  0.000000e+00  0.000000e+00  0.000000e+00  0.000000e+00  0.000000e+00  
-1.66224  1.130322e-01  0.000000e+00  0.000000e+00  0.000000e+00  0.000000e+00  0.000000e+00  
-1.66027  1.154108e-01  0.000000e+00  0.000000e+00  0.000000e+00  0.000000e+00  0.000000e+00  
-1.65831  1.162352e-01  0.000000e+00  0.000000e+00  0.000000e+00  0.000000e+00  0.000000e+00  
-1.65636  1.178756e-01  0.000000e+00  0.000000e+00  0.000000e+00  0.000000e+00  0.000000e+00  
-1.65442  1.195408e-01  0.000000e+00  0.000000e+00  0.000000e+00  0.000000e+00  0.000000e+00  
-1.65249  1.212278e-01  0.000000e+00  0.000000e+00  0.000000e+00  0.000000e+00  0.000000e+00  
-1.65056  1.228199e-01  0.000000e+00  0.000000e+00  0.000000e+00  0.000000e+00  0.000000e+00  
-1.64864  1.229625e-01  0.000000e+00  0.000000e+00  0.000000e+00  0.000000e+00  0.000000e+00  
-1.64673  1.246979e-01  0.000000e+00  0.000000e+00  0.000000e+00  0.000000e+00  0.000000e+00  
-1.64483  1.264592e-01  0.000000e+00  0.000000e+00  0.000000e+00  0.000000e+00  0.000000e+00  
-1.64294  1.282440e-01  0.000000e+00  0.000000e+00  0.000000e+00  0.000000e+00  0.000000e+00  
-1.64106  1.300556e-01  0.000000e+00  0.000000e+00  0.000000e+00  0.000000e+00  0.000000e+00  
-1.63918  1.318926e-01  0.000000e+00  0.000000e+00  0.000000e+00  0.000000e+00  0.000000e+00  
-1.63732  1.337542e-01  0.000000e+00  0.000000e+00  0.000000e+00  0.000000e+00  0.000000e+00  
-1.63546  1.353149e-01  0.000000e+00  0.000000e+00  0.000000e+00  0.000000e+00  0.000000e+00  
-1.6336  1.356664e-01  0.000000e+00  0.000000e+00  0.000000e+00  0.000000e+00  0.000000e+00  
-1.63176  1.375828e-01  0.000000e+00  0.000000e+00  0.000000e+00  0.000000e+00  0.000000e+00  
-1.62993  1.395258e-01  0.000000e+00  0.000000e+00  0.000000e+00  0.000000e+00  0.000000e+00  
-1.6281  1.414951e-01  0.000000e+00  0.000000e+00  0.000000e+00  0.000000e+00  0.000000e+00  
-1.62628  1.430173e-01  0.000000e+00  0.000000e+00  0.000000e+00  0.000000e+00  0.000000e+00  
-1.62446  1.435179e-01  0.000000e+00  0.000000e+00  0.000000e+00  0.000000e+00  0.000000e+00  
-1.62266  1.455448e-01  0.000000e+00  0.000000e+00  0.000000e+00  0.000000e+00  0.000000e+00  
-1.62086  1.475992e-01  0.000000e+00  0.000000e+00  0.000000e+00  0.000000e+00  0.000000e+00  
-1.61907  1.490802e-01  0.000000e+00  0.000000e+00  0.000000e+00  0.000000e+00  0.000000e+00  
-1.61729  1.497109e-01  0.000000e+00  0.000000e+00  0.000000e+00  0.000000e+00  0.000000e+00  
-1.61551  1.518241e-01  0.000000e+00  0.000000e+00  0.000000e+00  0.000000e+00  0.000000e+00  
-1.61374  1.539680e-01  0.000000e+00  0.000000e+00  0.000000e+00  0.000000e+00  0.000000e+00  
-1.61198  1.554003e-01  0.000000e+00  0.000000e+00  0.000000e+00  0.000000e+00  0.000000e+00  
-1.61023  1.561699e-01  0.000000e+00  0.000000e+00  0.000000e+00  0.000000e+00  0.000000e+00  
-1.60848  1.583750e-01  0.000000e+00  0.000000e+00  0.000000e+00  0.000000e+00  0.000000e+00  
-1.60674  1.597616e-01  0.000000e+00  0.000000e+00  0.000000e+00  0.000000e+00  0.000000e+00  
-1.60501  1.606390e-01  0.000000e+00  0.000000e+00  0.000000e+00  0.000000e+00  0.000000e+00  
-1.60328  1.629067e-01  0.000000e+00  0.000000e+00  0.000000e+00  0.000000e+00  0.000000e+00  
-1.60156  1.652080e-01  0.000000e+00  0.000000e+00  0.000000e+00  0.000000e+00  0.000000e+00  
-1.59985  1.665345e-01  0.000000e+00  0.000000e+00  0.000000e+00  0.000000e+00  0.000000e+00  
-1.59814  1.675695e-01  0.000000e+00  0.000000e+00  0.000000e+00  0.000000e+00  0.000000e+00  
-1.59644  1.699354e-01  0.000000e+00  0.000000e+00  0.000000e+00  0.000000e+00  0.000000e+00  
-1.59475  1.723346e-01  0.000000e+00  0.000000e+00  0.000000e+00  0.000000e+00  0.000000e+00  
-1.59306  1.747701e-01  0.000000e+00  0.000000e+00  0.000000e+00  0.000000e+00  0.000000e+00  
-1.59138  1.772375e-01  0.000000e+00  0.000000e+00  0.000000e+00  0.000000e+00  0.000000e+00  
-1.58971  1.784672e-01  0.000000e+00  0.000000e+00  0.000000e+00  0.000000e+00  0.000000e+00  
-1.58804  1.797698e-01  0.000000e+00  0.000000e+00  0.000000e+00  0.000000e+00  0.000000e+00  
-1.58638  1.823079e-01  0.000000e+00  0.000000e+00  0.000000e+00  0.000000e+00  0.000000e+00  
-1.58473  1.834758e-01  0.000000e+00  0.000000e+00  0.000000e+00  0.000000e+00  0.000000e+00  
-1.58308  1.849151e-01  0.000000e+00  0.000000e+00  0.000000e+00  0.000000e+00  0.000000e+00  
-1.58144  1.875274e-01  0.000000e+00  0.000000e+00  0.000000e+00  0.000000e+00  0.000000e+00  
-1.5798  1.901742e-01  0.000000e+00  0.000000e+00  0.000000e+00  0.000000e+00  0.000000e+00  
-1.57817  1.928581e-01  0.000000e+00  0.000000e+00  0.000000e+00  0.000000e+00  0.000000e+00  
-1.57655  1.955823e-01  0.000000e+00  0.000000e+00  0.000000e+00  0.000000e+00  0.000000e+00  
-1.57493  1.983431e-01  0.000000e+00  0.000000e+00  0.000000e+00  0.000000e+00  0.000000e+00  
-1.57332  1.993628e-01  0.000000e+00  0.000000e+00  0.000000e+00  0.000000e+00  0.000000e+00  
-1.57172  2.011792e-01  0.000000e+00  0.000000e+00  0.000000e+00  0.000000e+00  0.000000e+00  
-1.57012  2.021405e-01  0.000000e+00  0.000000e+00  0.000000e+00  0.000000e+00  0.000000e+00  
-1.56852  2.040567e-01  0.000000e+00  0.000000e+00  0.000000e+00  0.000000e+00  0.000000e+00  
-1.56694  2.069360e-01  0.000000e+00  0.000000e+00  0.000000e+00  0.000000e+00  0.000000e+00  
-1.56535  2.088358e-01  0.000000e+00  0.000000e+00  0.000000e+00  0.000000e+00  0.000000e+00  
-1.56378  2.124120e-01  0.000000e+00  0.000000e+00  0.000000e+00  0.000000e+00  0.000000e+00  
-1.56221  2.158253e-01  0.000000e+00  0.000000e+00  0.000000e+00  0.000000e+00  0.000000e+00  
-1.56064  2.166245e-01  0.000000e+00  0.000000e+00  0.000000e+00  0.000000e+00  0.000000e+00  
-1.55908  2.166235e-01  0.000000e+00  0.000000e+00  0.000000e+00  0.000000e+00  0.000000e+00  
-1.55753  2.189504e-01  0.000000e+00  0.000000e+00  0.000000e+00  0.000000e+00  0.000000e+00  
-1.55598  2.208409e-01  0.000000e+00  0.000000e+00  0.000000e+00  0.000000e+00  0.000000e+00  
-1.55444  2.223913e-01  0.000000e+00  0.000000e+00  0.000000e+00  0.000000e+00  0.000000e+00  
-1.5529  2.252161e-01  0.000000e+00  0.000000e+00  0.000000e+00  0.000000e+00  0.000000e+00  
-1.55137  2.283945e-01  0.000000e+00  0.000000e+00  0.000000e+00  0.000000e+00  0.000000e+00  
-1.54985  2.289533e-01  0.000000e+00  0.000000e+00  0.000000e+00  0.000000e+00  0.000000e+00  
-1.54832  2.316617e-01  0.000000e+00  0.000000e+00  0.000000e+00  0.000000e+00  0.000000e+00  
-1.54681  2.349308e-01  0.000000e+00  0.000000e+00  0.000000e+00  0.000000e+00  0.000000e+00  
-1.5453  2.353789e-01  0.000000e+00  0.000000e+00  0.000000e+00  0.000000e+00  0.000000e+00  
-1.54379  2.382888e-01  0.000000e+00  0.000000e+00  0.000000e+00  0.000000e+00  0.000000e+00  
-1.54229  2.401564e-01  0.000000e+00  0.000000e+00  0.000000e+00  0.000000e+00  0.000000e+00  
-1.5408  2.449236e-01  0.000000e+00  0.000000e+00  0.000000e+00  0.000000e+00  0.000000e+00  
-1.53931  2.453575e-01  0.000000e+00  0.000000e+00  0.000000e+00  0.000000e+00  0.000000e+00  
-1.53783  2.501991e-01  0.000000e+00  0.000000e+00  0.000000e+00  0.000000e+00  0.000000e+00  
-1.53635  2.521609e-01  0.000000e+00  0.000000e+00  0.000000e+00  0.000000e+00  0.000000e+00  
-1.53487  2.556375e-01  0.000000e+00  0.000000e+00  0.000000e+00  0.000000e+00  0.000000e+00  
-1.5334  2.557591e-01  0.000000e+00  0.000000e+00  0.000000e+00  0.000000e+00  0.000000e+00  
-1.53194  2.557581e-01  0.000000e+00  0.000000e+00  0.000000e+00  0.000000e+00  0.000000e+00  
-1.53048  2.593226e-01  0.000000e+00  0.000000e+00  0.000000e+00  0.000000e+00  0.000000e+00  
-1.52902  2.593217e-01  0.000000e+00  0.000000e+00  0.000000e+00  0.000000e+00  0.000000e+00  
-1.52757  2.594844e-01  0.000000e+00  0.000000e+00  0.000000e+00  0.000000e+00  0.000000e+00  
-1.52613  2.648455e-01  0.000000e+00  0.000000e+00  0.000000e+00  0.000000e+00  0.000000e+00  
-1.52469  2.669119e-01  0.000000e+00  0.000000e+00  0.000000e+00  0.000000e+00  0.000000e+00  
-1.52325  2.725885e-01  0.000000e+00  0.000000e+00  0.000000e+00  0.000000e+00  0.000000e+00  
-1.52182  2.780617e-01  0.000000e+00  0.000000e+00  0.000000e+00  0.000000e+00  0.000000e+00  
-1.5204  2.803963e-01  0.000000e+00  0.000000e+00  0.000000e+00  0.000000e+00  0.000000e+00  
-1.51898  2.861317e-01  0.000000e+00  0.000000e+00  0.000000e+00  0.000000e+00  0.000000e+00  
-1.51756  2.896862e-01  0.000000e+00  0.000000e+00  0.000000e+00  0.000000e+00  0.000000e+00  
-1.51615  2.902225e-01  0.000000e+00  0.000000e+00  0.000000e+00  0.000000e+00  0.000000e+00  
-1.51474  2.937226e-01  0.000000e+00  0.000000e+00  0.000000e+00  0.000000e+00  0.000000e+00  
-1.51334  2.943753e-01  0.000000e+00  0.000000e+00  0.000000e+00  0.000000e+00  0.000000e+00  
-1.51194  2.978151e-01  0.000000e+00  0.000000e+00  0.000000e+00  0.000000e+00  0.000000e+00  
-1.51054  2.981988e-01  0.000000e+00  0.000000e+00  0.000000e+00  0.000000e+00  0.000000e+00  
-1.50915  3.002998e-01  0.000000e+00  0.000000e+00  0.000000e+00  0.000000e+00  0.000000e+00  
-1.50777  3.019636e-01  0.000000e+00  0.000000e+00  0.000000e+00  0.000000e+00  0.000000e+00  
-1.50639  3.029074e-01  0.000000e+00  0.000000e+00  0.000000e+00  0.000000e+00  0.000000e+00  
-1.50501  3.071875e-01  0.000000e+00  0.000000e+00  0.000000e+00  0.000000e+00  0.000000e+00  
-1.50364  3.126340e-01  0.000000e+00  0.000000e+00  0.000000e+00  0.000000e+00  0.000000e+00  
-1.50227  3.197378e-01  0.000000e+00  0.000000e+00  0.000000e+00  0.000000e+00  0.000000e+00  
-1.50091  3.219911e-01  0.000000e+00  0.000000e+00  0.000000e+00  0.000000e+00  0.000000e+00  
-1.49955  3.249053e-01  0.000000e+00  0.000000e+00  0.000000e+00  0.000000e+00  0.000000e+00  
-1.4982  3.281102e-01  0.000000e+00  0.000000e+00  0.000000e+00  0.000000e+00  0.000000e+00  
-1.49684  3.295500e-01  0.000000e+00  0.000000e+00  0.000000e+00  0.000000e+00  0.000000e+00  
-1.4955  3.326819e-01  0.000000e+00  0.000000e+00  0.000000e+00  0.000000e+00  0.000000e+00  
-1.49416  3.342628e-01  0.000000e+00  0.000000e+00  0.000000e+00  0.000000e+00  0.000000e+00  
-1.49282  3.373173e-01  0.000000e+00  0.000000e+00  0.000000e+00  0.000000e+00  0.000000e+00  
-1.49148  3.373160e-01  0.000000e+00  0.000000e+00  0.000000e+00  0.000000e+00  0.000000e+00  
-1.49015  3.382080e-01  0.000000e+00  0.000000e+00  0.000000e+00  0.000000e+00  0.000000e+00  
-1.48883  3.424686e-01  0.000000e+00  0.000000e+00  0.000000e+00  0.000000e+00  0.000000e+00  
-1.48751  3.487588e-01  0.000000e+00  0.000000e+00  0.000000e+00  0.000000e+00  0.000000e+00  
-1.48619  3.536698e-01  0.000000e+00  0.000000e+00  0.000000e+00  0.000000e+00  0.000000e+00  
-1.48487  3.575897e-01  0.000000e+00  0.000000e+00  0.000000e+00  0.000000e+00  0.000000e+00  
-1.48356  3.601056e-01  0.000000e+00  0.000000e+00  0.000000e+00  0.000000e+00  0.000000e+00  
-1.48226  3.637898e-01  0.000000e+00  0.000000e+00  0.000000e+00  0.000000e+00  0.000000e+00  
-1.48096  3.665222e-01  0.000000e+00  0.000000e+00  0.000000e+00  0.000000e+00  0.000000e+00  
-1.47966  3.689928e-01  0.000000e+00  0.000000e+00  0.000000e+00  0.000000e+00  0.000000e+00  
-1.47836  3.716293e-01  0.000000e+00  0.000000e+00  0.000000e+00  0.000000e+00  0.000000e+00  
-1.47707  3.716278e-01  0.000000e+00  0.000000e+00  0.000000e+00  0.000000e+00  0.000000e+00  
-1.47579  3.716264e-01  0.000000e+00  0.000000e+00  0.000000e+00  0.000000e+00  0.000000e+00  
-1.4745  3.716250e-01  0.000000e+00  0.000000e+00  0.000000e+00  0.000000e+00  0.000000e+00  
-1.47323  3.744682e-01  0.000000e+00  0.000000e+00  0.000000e+00  0.000000e+00  0.000000e+00  
-1.47195  3.768031e-01  0.000000e+00  0.000000e+00  0.000000e+00  0.000000e+00  0.000000e+00  
-1.47068  3.798209e-01  0.000000e+00  0.000000e+00  0.000000e+00  0.000000e+00  0.000000e+00  
-1.46941  3.851812e-01  0.000000e+00  0.000000e+00  0.000000e+00  0.000000e+00  0.000000e+00  
-1.46815  3.873780e-01  0.000000e+00  0.000000e+00  0.000000e+00  0.000000e+00  0.000000e+00  
-1.46689  3.906893e-01  0.000000e+00  0.000000e+00  0.000000e+00  0.000000e+00  0.000000e+00  
-1.46563  3.927756e-01  0.000000e+00  0.000000e+00  0.000000e+00  0.000000e+00  0.000000e+00  
-1.46438  3.962738e-01  0.000000e+00  0.000000e+00  0.000000e+00  0.000000e+00  0.000000e+00  
-1.46313  3.982483e-01  0.000000e+00  0.000000e+00  0.000000e+00  0.000000e+00  0.000000e+00  
-1.46188  4.019400e-01  0.000000e+00  0.000000e+00  0.000000e+00  0.000000e+00  0.000000e+00  
-1.46064  4.076136e-01  0.000000e+00  0.000000e+00  0.000000e+00  0.000000e+00  0.000000e+00  
-1.4594  4.094252e-01  0.000000e+00  0.000000e+00  0.000000e+00  0.000000e+00  0.000000e+00  
-1.45816  4.094236e-01  0.000000e+00  0.000000e+00  0.000000e+00  0.000000e+00  0.000000e+00  
-1.45693  4.135148e-01  0.000000e+00  0.000000e+00  0.000000e+00  0.000000e+00  0.000000e+00  
-1.4557  4.151284e-01  0.000000e+00  0.000000e+00  0.000000e+00  0.000000e+00  0.000000e+00  
-1.45448  4.194255e-01  0.000000e+00  0.000000e+00  0.000000e+00  0.000000e+00  0.000000e+00  
-1.45326  4.253499e-01  0.000000e+00  0.000000e+00  0.000000e+00  0.000000e+00  0.000000e+00  
-1.45204  4.267790e-01  0.000000e+00  0.000000e+00  0.000000e+00  0.000000e+00  0.000000e+00  
-1.45082  4.314297e-01  0.000000e+00  0.000000e+00  0.000000e+00  0.000000e+00  0.000000e+00  
-1.44961  4.375185e-01  0.000000e+00  0.000000e+00  0.000000e+00  0.000000e+00  0.000000e+00  
-1.44841  4.387566e-01  0.000000e+00  0.000000e+00  0.000000e+00  0.000000e+00  0.000000e+00  
-1.4472  4.437772e-01  0.000000e+00  0.000000e+00  0.000000e+00  0.000000e+00  0.000000e+00  
-1.446  4.448699e-01  0.000000e+00  0.000000e+00  0.000000e+00  0.000000e+00  0.000000e+00  
-1.4448  4.501212e-01  0.000000e+00  0.000000e+00  0.000000e+00  0.000000e+00  0.000000e+00  
-1.44361  4.564723e-01  0.000000e+00  0.000000e+00  0.000000e+00  0.000000e+00  0.000000e+00  
-1.44242  4.573553e-01  0.000000e+00  0.000000e+00  0.000000e+00  0.000000e+00  0.000000e+00  
-1.44123  4.630024e-01  0.000000e+00  0.000000e+00  0.000000e+00  0.000000e+00  0.000000e+00  
-1.44004  4.637277e-01  0.000000e+00  0.000000e+00  0.000000e+00  0.000000e+00  0.000000e+00  
-1.43886  4.696200e-01  0.000000e+00  0.000000e+00  0.000000e+00  0.000000e+00  0.000000e+00  
-1.43768  4.701892e-01  0.000000e+00  0.000000e+00  0.000000e+00  0.000000e+00  0.000000e+00  
-1.43651  4.763328e-01  0.000000e+00  0.000000e+00  0.000000e+00  0.000000e+00  0.000000e+00  
-1.43534  4.830601e-01  0.000000e+00  0.000000e+00  0.000000e+00  0.000000e+00  0.000000e+00  
-1.43417  4.833850e-01  0.000000e+00  0.000000e+00  0.000000e+00  0.000000e+00  0.000000e+00  
-1.433  4.899643e-01  0.000000e+00  0.000000e+00  0.000000e+00  0.000000e+00  0.000000e+00  
-1.43184  4.901201e-01  0.000000e+00  0.000000e+00  0.000000e+00  0.000000e+00  0.000000e+00  
-1.43068  4.901343e-01  0.000000e+00  0.000000e+00  0.000000e+00  0.000000e+00  0.000000e+00  
-1.42952  4.969493e-01  0.000000e+00  0.000000e+00  0.000000e+00  0.000000e+00  0.000000e+00  
-1.42837  4.971420e-01  0.000000e+00  0.000000e+00  0.000000e+00  0.000000e+00  0.000000e+00  
-1.42722  5.040189e-01  0.000000e+00  0.000000e+00  0.000000e+00  0.000000e+00  0.000000e+00  
-1.42607  5.075731e-01  0.000000e+00  0.000000e+00  0.000000e+00  0.000000e+00  0.000000e+00  
-1.42493  5.108943e-01  0.000000e+00  0.000000e+00  0.000000e+00  0.000000e+00  0.000000e+00  
-1.42379  5.114660e-01  0.000000e+00  0.000000e+00  0.000000e+00  0.000000e+00  0.000000e+00  
-1.42265  5.180130e-01  0.000000e+00  0.000000e+00  0.000000e+00  0.000000e+00  0.000000e+00  
-1.42151  5.187782e-01  0.000000e+00  0.000000e+00  0.000000e+00  0.000000e+00  0.000000e+00  
-1.42038  5.260998e-01  0.000000e+00  0.000000e+00  0.000000e+00  0.000000e+00  0.000000e+00  
-1.41925  5.325509e-01  0.000000e+00  0.000000e+00  0.000000e+00  0.000000e+00  0.000000e+00  
-1.41813  5.336280e-01  0.000000e+00  0.000000e+00  0.000000e+00  0.000000e+00  0.000000e+00  
-1.417  5.399713e-01  0.000000e+00  0.000000e+00  0.000000e+00  0.000000e+00  0.000000e+00  
-1.41588  5.412569e-01  0.000000e+00  0.000000e+00  0.000000e+00  0.000000e+00  0.000000e+00  
-1.41476  5.474950e-01  0.000000e+00  0.000000e+00  0.000000e+00  0.000000e+00  0.000000e+00  
-1.41365  5.489963e-01  0.000000e+00  0.000000e+00  0.000000e+00  0.000000e+00  0.000000e+00  
-1.41254  5.567499e-01  0.000000e+00  0.000000e+00  0.000000e+00  0.000000e+00  0.000000e+00  
-1.41143  5.628605e-01  0.000000e+00  0.000000e+00  0.000000e+00  0.000000e+00  0.000000e+00  
-1.41032  5.647092e-01  0.000000e+00  0.000000e+00  0.000000e+00  0.000000e+00  0.000000e+00  
-1.40922  5.707030e-01  0.000000e+00  0.000000e+00  0.000000e+00  0.000000e+00  0.000000e+00  
-1.40812  5.727844e-01  0.000000e+00  0.000000e+00  0.000000e+00  0.000000e+00  0.000000e+00  
-1.40702  5.808732e-01  0.000000e+00  0.000000e+00  0.000000e+00  0.000000e+00  0.000000e+00  
-1.40592  5.867199e-01  0.000000e+00  0.000000e+00  0.000000e+00  0.000000e+00  0.000000e+00  
-1.40483  5.891772e-01  0.000000e+00  0.000000e+00  0.000000e+00  0.000000e+00  0.000000e+00  
-1.40374  5.948949e-01  0.000000e+00  0.000000e+00  0.000000e+00  0.000000e+00  0.000000e+00  
-1.40265  5.976026e-01  0.000000e+00  0.000000e+00  0.000000e+00  0.000000e+00  0.000000e+00  
-1.40157  6.031839e-01  0.000000e+00  0.000000e+00  0.000000e+00  0.000000e+00  0.000000e+00  
-1.40049  6.061459e-01  0.000000e+00  0.000000e+00  0.000000e+00  0.000000e+00  0.000000e+00  
-1.39941  6.147050e-01  0.000000e+00  0.000000e+00  0.000000e+00  0.000000e+00  0.000000e+00  
-1.39833  6.217473e-01  0.000000e+00  0.000000e+00  0.000000e+00  0.000000e+00  0.000000e+00  
-1.39726  6.295531e-01  0.000000e+00  0.000000e+00  0.000000e+00  0.000000e+00  0.000000e+00  
-1.39619  6.393135e-01  0.000000e+00  0.000000e+00  0.000000e+00  0.000000e+00  0.000000e+00  
-1.39512  6.456951e-01  0.000000e+00  0.000000e+00  0.000000e+00  0.000000e+00  0.000000e+00  
-1.39406  6.567780e-01  0.000000e+00  0.000000e+00  0.000000e+00  0.000000e+00  0.000000e+00  
-1.39299  6.645474e-01  0.000000e+00  0.000000e+00  0.000000e+00  0.000000e+00  0.000000e+00  
-1.39193  6.645449e-01  0.000000e+00  0.000000e+00  0.000000e+00  0.000000e+00  0.000000e+00  
-1.39087  6.688864e-01  0.000000e+00  0.000000e+00  0.000000e+00  0.000000e+00  0.000000e+00  
-1.38982  6.738043e-01  0.000000e+00  0.000000e+00  0.000000e+00  0.000000e+00  0.000000e+00  
-1.38877  6.738017e-01  0.000000e+00  0.000000e+00  0.000000e+00  0.000000e+00  0.000000e+00  
-1.38772  6.737992e-01  0.000000e+00  0.000000e+00  0.000000e+00  0.000000e+00  0.000000e+00  
-1.38667  6.786895e-01  0.000000e+00  0.000000e+00  0.000000e+00  0.000000e+00  0.000000e+00  
-1.38562  6.831876e-01  0.000000e+00  0.000000e+00  0.000000e+00  0.000000e+00  0.000000e+00  
-1.38458  6.831850e-01  0.000000e+00  0.000000e+00  0.000000e+00  0.000000e+00  0.000000e+00  
-1.38354  6.831824e-01  0.000000e+00  0.000000e+00  0.000000e+00  0.000000e+00  0.000000e+00  
-1.3825  6.886420e-01  0.000000e+00  0.000000e+00  0.000000e+00  0.000000e+00  0.000000e+00  
-1.38147  6.983880e-01  0.000000e+00  0.000000e+00  0.000000e+00  0.000000e+00  0.000000e+00  
-1.38044  7.171927e-01  0.000000e+00  0.000000e+00  0.000000e+00  0.000000e+00  0.000000e+00  
-1.37941  7.364341e-01  0.000000e+00  0.000000e+00  0.000000e+00  0.000000e+00  0.000000e+00  
-1.37838  7.520879e-01  0.000000e+00  0.000000e+00  0.000000e+00  0.000000e+00  0.000000e+00  
-1.37735  7.612865e-01  0.000000e+00  0.000000e+00  0.000000e+00  0.000000e+00  0.000000e+00  
-1.37633  7.701056e-01  0.000000e+00  0.000000e+00  0.000000e+00  0.000000e+00  0.000000e+00  
-1.37531  7.738173e-01  0.000000e+00  0.000000e+00  0.000000e+00  0.000000e+00  0.000000e+00  
-1.37429  7.738144e-01  0.000000e+00  0.000000e+00  0.000000e+00  0.000000e+00  0.000000e+00  
-1.37328  7.812508e-01  0.000000e+00  0.000000e+00  0.000000e+00  0.000000e+00  0.000000e+00  
-1.37226  7.845962e-01  0.000000e+00  0.000000e+00  0.000000e+00  0.000000e+00  0.000000e+00  
-1.37125  7.845932e-01  0.000000e+00  0.000000e+00  0.000000e+00  0.000000e+00  0.000000e+00  
-1.37024  7.925661e-01  0.000000e+00  0.000000e+00  0.000000e+00  0.000000e+00  0.000000e+00  
-1.36924  7.955254e-01  0.000000e+00  0.000000e+00  0.000000e+00  0.000000e+00  0.000000e+00  
-1.36823  8.038981e-01  0.000000e+00  0.000000e+00  0.000000e+00  0.000000e+00  0.000000e+00  
-1.36723  8.066099e-01  0.000000e+00  0.000000e+00  0.000000e+00  0.000000e+00  0.000000e+00  
-1.36623  8.066069e-01  0.000000e+00  0.000000e+00  0.000000e+00  0.000000e+00  0.000000e+00  
-1.36523  8.155246e-01  0.000000e+00  0.000000e+00  0.000000e+00  0.000000e+00  0.000000e+00  
-1.36424  8.178457e-01  0.000000e+00  0.000000e+00  0.000000e+00  0.000000e+00  0.000000e+00  
-1.36325  8.178426e-01  0.000000e+00  0.000000e+00  0.000000e+00  0.000000e+00  0.000000e+00  
-1.36226  8.273308e-01  0.000000e+00  0.000000e+00  0.000000e+00  0.000000e+00  0.000000e+00  
-1.36127  8.292380e-01  0.000000e+00  0.000000e+00  0.000000e+00  0.000000e+00  0.000000e+00  
-1.36028  8.292349e-01  0.000000e+00  0.000000e+00  0.000000e+00  0.000000e+00  0.000000e+00  
-1.3593  8.393076e-01  0.000000e+00  0.000000e+00  0.000000e+00  0.000000e+00  0.000000e+00  
-1.35832  8.407890e-01  0.000000e+00  0.000000e+00  0.000000e+00  0.000000e+00  0.000000e+00  
-1.35734  8.407858e-01  0.000000e+00  0.000000e+00  0.000000e+00  0.000000e+00  0.000000e+00  
-1.35636  8.514466e-01  0.000000e+00  0.000000e+00  0.000000e+00  0.000000e+00  0.000000e+00  
-1.35539  8.525008e-01  0.000000e+00  0.000000e+00  0.000000e+00  0.000000e+00  0.000000e+00  
-1.35441  8.636275e-01  0.000000e+00  0.000000e+00  0.000000e+00  0.000000e+00  0.000000e+00  
-1.35344  8.643792e-01  0.000000e+00  0.000000e+00  0.000000e+00  0.000000e+00  0.000000e+00  
-1.35248  8.643759e-01  0.000000e+00  0.000000e+00  0.000000e+00  0.000000e+00  0.000000e+00  
-1.35151  8.761171e-01  0.000000e+00  0.000000e+00  0.000000e+00  0.000000e+00  0.000000e+00  
-1.35055  8.764198e-01  0.000000e+00  0.000000e+00  0.000000e+00  0.000000e+00  0.000000e+00  
-1.34958  8.886347e-01  0.000000e+00  0.000000e+00  0.000000e+00  0.000000e+00  0.000000e+00  
-1.34862  8.886312e-01  0.000000e+00  0.000000e+00  0.000000e+00  0.000000e+00  0.000000e+00  
-1.34767  8.889634e-01  0.000000e+00  0.000000e+00  0.000000e+00  0.000000e+00  0.000000e+00  
-1.34671  9.010131e-01  0.000000e+00  0.000000e+00  0.000000e+00  0.000000e+00  0.000000e+00  
-1.34576  9.010096e-01  0.000000e+00  0.000000e+00  0.000000e+00  0.000000e+00  0.000000e+00  
-1.34481  9.010062e-01  0.000000e+00  0.000000e+00  0.000000e+00  0.000000e+00  0.000000e+00  
-1.34386  9.019901e-01  0.000000e+00  0.000000e+00  0.000000e+00  0.000000e+00  0.000000e+00  
-1.34291  9.135603e-01  0.000000e+00  0.000000e+00  0.000000e+00  0.000000e+00  0.000000e+00  
-1.34196  9.148860e-01  0.000000e+00  0.000000e+00  0.000000e+00  0.000000e+00  0.000000e+00  
-1.34102  9.262893e-01  0.000000e+00  0.000000e+00  0.000000e+00  0.000000e+00  0.000000e+00  
-1.34008  9.262858e-01  0.000000e+00  0.000000e+00  0.000000e+00  0.000000e+00  0.000000e+00  
-1.33914  9.281353e-01  0.000000e+00  0.000000e+00  0.000000e+00  0.000000e+00  0.000000e+00  
-1.33821  9.391923e-01  0.000000e+00  0.000000e+00  0.000000e+00  0.000000e+00  0.000000e+00  
-1.33727  9.414048e-01  0.000000e+00  0.000000e+00  0.000000e+00  0.000000e+00  0.000000e+00  
-1.33634  9.547006e-01  0.000000e+00  0.000000e+00  0.000000e+00  0.000000e+00  0.000000e+00  
-1.33541  9.655508e-01  0.000000e+00  0.000000e+00  0.000000e+00  0.000000e+00  0.000000e+00  
-1.33448  9.655471e-01  0.000000e+00  0.000000e+00  0.000000e+00  0.000000e+00  0.000000e+00  
-1.33355  9.685254e-01  0.000000e+00  0.000000e+00  0.000000e+00  0.000000e+00  0.000000e+00  
-1.33263  9.790006e-01  0.000000e+00  0.000000e+00  0.000000e+00  0.000000e+00  0.000000e+00  
-1.3317  9.789968e-01  0.000000e+00  0.000000e+00  0.000000e+00  0.000000e+00  0.000000e+00  
-1.33078  9.807666e-01  0.000000e+00  0.000000e+00  0.000000e+00  0.000000e+00  0.000000e+00  
-1.32986  9.914599e-01  0.000000e+00  0.000000e+00  0.000000e+00  0.000000e+00  0.000000e+00  
-1.32895  1.006473e+00  0.000000e+00  0.000000e+00  0.000000e+00  0.000000e+00  0.000000e+00  
-1.32803  1.006469e+00  0.000000e+00  0.000000e+00  0.000000e+00  0.000000e+00  0.000000e+00  
-1.32712  1.010844e+00  0.000000e+00  0.000000e+00  0.000000e+00  0.000000e+00  0.000000e+00  
-1.32621  1.020492e+00  0.000000e+00  0.000000e+00  0.000000e+00  0.000000e+00  0.000000e+00  
-1.3253  1.025299e+00  0.000000e+00  0.000000e+00  0.000000e+00  0.000000e+00  0.000000e+00  
-1.32439  1.034711e+00  0.000000e+00  0.000000e+00  0.000000e+00  0.000000e+00  0.000000e+00  
-1.32348  1.034707e+00  0.000000e+00  0.000000e+00  0.000000e+00  0.000000e+00  0.000000e+00  
-1.32258  1.034703e+00  0.000000e+00  0.000000e+00  0.000000e+00  0.000000e+00  0.000000e+00  
-1.32168  1.034699e+00  0.000000e+00  0.000000e+00  0.000000e+00  0.000000e+00  0.000000e+00  
-1.32078  1.034695e+00  0.000000e+00  0.000000e+00  0.000000e+00  0.000000e+00  0.000000e+00  
-1.31988  1.040692e+00  0.000000e+00  0.000000e+00  0.000000e+00  0.000000e+00  0.000000e+00  
-1.31898  1.055384e+00  0.000000e+00  0.000000e+00  0.000000e+00  0.000000e+00  0.000000e+00  
-1.31809  1.070285e+00  0.000000e+00  0.000000e+00  0.000000e+00  0.000000e+00  0.000000e+00  
-1.3172  1.078560e+00  0.000000e+00  0.000000e+00  0.000000e+00  0.000000e+00  0.000000e+00  
-1.31631  1.085599e+00  0.000000e+00  0.000000e+00  0.000000e+00  0.000000e+00  0.000000e+00  
-1.31542  1.093588e+00  0.000000e+00  0.000000e+00  0.000000e+00  0.000000e+00  0.000000e+00  
-1.31453  1.093584e+00  0.000000e+00  0.000000e+00  0.000000e+00  0.000000e+00  0.000000e+00  
-1.31364  1.101302e+00  0.000000e+00  0.000000e+00  0.000000e+00  0.000000e+00  0.000000e+00  
-1.31276  1.108821e+00  0.000000e+00  0.000000e+00  0.000000e+00  0.000000e+00  0.000000e+00  
-1.31188  1.108817e+00  0.000000e+00  0.000000e+00  0.000000e+00  0.000000e+00  0.000000e+00  
-1.311  1.108813e+00  0.000000e+00  0.000000e+00  0.000000e+00  0.000000e+00  0.000000e+00  
-1.31012  1.113126e+00  0.000000e+00  0.000000e+00  0.000000e+00  0.000000e+00  0.000000e+00  
-1.30924  1.129905e+00  0.000000e+00  0.000000e+00  0.000000e+00  0.000000e+00  0.000000e+00  
-1.30837  1.139932e+00  0.000000e+00  0.000000e+00  0.000000e+00  0.000000e+00  0.000000e+00  
-1.3075  1.149426e+00  0.000000e+00  0.000000e+00  0.000000e+00  0.000000e+00  0.000000e+00  
-1.30663  1.155815e+00  0.000000e+00  0.000000e+00  0.000000e+00  0.000000e+00  0.000000e+00  
-1.30576  1.165856e+00  0.000000e+00  0.000000e+00  0.000000e+00  0.000000e+00  0.000000e+00  
-1.30489  1.171920e+00  0.000000e+00  0.000000e+00  0.000000e+00  0.000000e+00  0.000000e+00  
-1.30402  1.182532e+00  0.000000e+00  0.000000e+00  0.000000e+00  0.000000e+00  0.000000e+00  
-1.30316  1.188249e+00  0.000000e+00  0.000000e+00  0.000000e+00  0.000000e+00  0.000000e+00  
-1.3023  1.199442e+00  0.000000e+00  0.000000e+00  0.000000e+00  0.000000e+00  0.000000e+00  
-1.30144  1.204805e+00  0.000000e+00  0.000000e+00  0.000000e+00  0.000000e+00  0.000000e+00  
-1.30058  1.216575e+00  0.000000e+00  0.000000e+00  0.000000e+00  0.000000e+00  0.000000e+00  
-1.29972  1.221592e+00  0.000000e+00  0.000000e+00  0.000000e+00  0.000000e+00  0.000000e+00  
-1.29886  1.233977e+00  0.000000e+00  0.000000e+00  0.000000e+00  0.000000e+00  0.000000e+00  
-1.29801  1.238613e+00  0.000000e+00  0.000000e+00  0.000000e+00  0.000000e+00  0.000000e+00  
-1.29716  1.238609e+00  0.000000e+00  0.000000e+00  0.000000e+00  0.000000e+00  0.000000e+00  
-1.29631  1.251841e+00  0.000000e+00  0.000000e+00  0.000000e+00  0.000000e+00  0.000000e+00  
-1.29546  1.255867e+00  0.000000e+00  0.000000e+00  0.000000e+00  0.000000e+00  0.000000e+00  
-1.29461  1.269735e+00  0.000000e+00  0.000000e+00  0.000000e+00  0.000000e+00  0.000000e+00  
-1.29377  1.273365e+00  0.000000e+00  0.000000e+00  0.000000e+00  0.000000e+00  0.000000e+00  
-1.29292  1.287884e+00  0.000000e+00  0.000000e+00  0.000000e+00  0.000000e+00  0.000000e+00  
-1.29208  1.291108e+00  0.000000e+00  0.000000e+00  0.000000e+00  0.000000e+00  0.000000e+00  
-1.29124  1.291103e+00  0.000000e+00  0.000000e+00  0.000000e+00  0.000000e+00  0.000000e+00  
-1.2904  1.306528e+00  0.000000e+00  0.000000e+00  0.000000e+00  0.000000e+00  0.000000e+00  
-1.28956  1.309093e+00  0.000000e+00  0.000000e+00  0.000000e+00  0.000000e+00  0.000000e+00  
-1.28873  1.325202e+00  0.000000e+00  0.000000e+00  0.000000e+00  0.000000e+00  0.000000e+00  
-1.28789  1.327333e+00  0.000000e+00  0.000000e+00  0.000000e+00  0.000000e+00  0.000000e+00  
-1.28706  1.327328e+00  0.000000e+00  0.000000e+00  0.000000e+00  0.000000e+00  0.000000e+00  
-1.28623  1.344386e+00  0.000000e+00  0.000000e+00  0.000000e+00  0.000000e+00  0.000000e+00  
-1.2854  1.345822e+00  0.000000e+00  0.000000e+00  0.000000e+00  0.000000e+00  0.000000e+00  
-1.28457  1.363601e+00  0.000000e+00  0.000000e+00  0.000000e+00  0.000000e+00  0.000000e+00  
-1.28374  1.364574e+00  0.000000e+00  0.000000e+00  0.000000e+00  0.000000e+00  0.000000e+00  
-1.28292  1.364569e+00  0.000000e+00  0.000000e+00  0.000000e+00  0.000000e+00  0.000000e+00  
-1.2821  1.383321e+00  0.000000e+00  0.000000e+00  0.000000e+00  0.000000e+00  0.000000e+00  
-1.28127  1.383582e+00  0.000000e+00  0.000000e+00  0.000000e+00  0.000000e+00  0.000000e+00  
-1.28045  1.402866e+00  0.000000e+00  0.000000e+00  0.000000e+00  0.000000e+00  0.000000e+00  
-1.27964  1.403351e+00  0.000000e+00  0.000000e+00  0.000000e+00  0.000000e+00  0.000000e+00  
-1.27882  1.422412e+00  0.000000e+00  0.000000e+00  0.000000e+00  0.000000e+00  0.000000e+00  
-1.278  1.422407e+00  0.000000e+00  0.000000e+00  0.000000e+00  0.000000e+00  0.000000e+00  
-1.27719  1.423676e+00  0.000000e+00  0.000000e+00  0.000000e+00  0.000000e+00  0.000000e+00  
-1.27638  1.442226e+00  0.000000e+00  0.000000e+00  0.000000e+00  0.000000e+00  0.000000e+00  
-1.27557  1.442221e+00  0.000000e+00  0.000000e+00  0.000000e+00  0.000000e+00  0.000000e+00  
-1.27476  1.444292e+00  0.000000e+00  0.000000e+00  0.000000e+00  0.000000e+00  0.000000e+00  
-1.27395  1.462316e+00  0.000000e+00  0.000000e+00  0.000000e+00  0.000000e+00  0.000000e+00  
-1.27314  1.464943e+00  0.000000e+00  0.000000e+00  0.000000e+00  0.000000e+00  0.000000e+00  
-1.27234  1.482691e+00  0.000000e+00  0.000000e+00  0.000000e+00  0.000000e+00  0.000000e+00  
-1.27153  1.485887e+00  0.000000e+00  0.000000e+00  0.000000e+00  0.000000e+00  0.000000e+00  
-1.27073  1.503350e+00  0.000000e+00  0.000000e+00  0.000000e+00  0.000000e+00  0.000000e+00  
-1.26993  1.507130e+00  0.000000e+00  0.000000e+00  0.000000e+00  0.000000e+00  0.000000e+00  
-1.26913  1.524297e+00  0.000000e+00  0.000000e+00  0.000000e+00  0.000000e+00  0.000000e+00  
-1.26833  1.524291e+00  0.000000e+00  0.000000e+00  0.000000e+00  0.000000e+00  0.000000e+00  
-1.26754  1.528955e+00  0.000000e+00  0.000000e+00  0.000000e+00  0.000000e+00  0.000000e+00  
-1.26674  1.545530e+00  0.000000e+00  0.000000e+00  0.000000e+00  0.000000e+00  0.000000e+00  
-1.26595  1.545524e+00  0.000000e+00  0.000000e+00  0.000000e+00  0.000000e+00  0.000000e+00  
-1.26516  1.551097e+00  0.000000e+00  0.000000e+00  0.000000e+00  0.000000e+00  0.000000e+00  
-1.26437  1.567059e+00  0.000000e+00  0.000000e+00  0.000000e+00  0.000000e+00  0.000000e+00  
-1.26358  1.573271e+00  0.000000e+00  0.000000e+00  0.000000e+00  0.000000e+00  0.000000e+00  
-1.26279  1.588893e+00  0.000000e+00  0.000000e+00  0.000000e+00  0.000000e+00  0.000000e+00  
-1.26201  1.588887e+00  0.000000e+00  0.000000e+00  0.000000e+00  0.000000e+00  0.000000e+00  
-1.26122  1.596053e+00  0.000000e+00  0.000000e+00  0.000000e+00  0.000000e+00  0.000000e+00  
-1.26044  1.611026e+00  0.000000e+00  0.000000e+00  0.000000e+00  0.000000e+00  0.000000e+00  
-1.25966  1.618870e+00  0.000000e+00  0.000000e+00  0.000000e+00  0.000000e+00  0.000000e+00  
-1.25888  1.633473e+00  0.000000e+00  0.000000e+00  0.000000e+00  0.000000e+00  0.000000e+00  
-1.2581  1.633467e+00  0.000000e+00  0.000000e+00  0.000000e+00  0.000000e+00  0.000000e+00  
-1.25732  1.642321e+00  0.000000e+00  0.000000e+00  0.000000e+00  0.000000e+00  0.000000e+00  
-1.25654  1.656227e+00  0.000000e+00  0.000000e+00  0.000000e+00  0.000000e+00  0.000000e+00  
-1.25577  1.665789e+00  0.000000e+00  0.000000e+00  0.000000e+00  0.000000e+00  0.000000e+00  
-1.255  1.679304e+00  0.000000e+00  0.000000e+00  0.000000e+00  0.000000e+00  0.000000e+00  
-1.25422  1.679297e+00  0.000000e+00  0.000000e+00  0.000000e+00  0.000000e+00  0.000000e+00  
-1.25345  1.689920e+00  0.000000e+00  0.000000e+00  0.000000e+00  0.000000e+00  0.000000e+00  
-1.25268  1.702696e+00  0.000000e+00  0.000000e+00  0.000000e+00  0.000000e+00  0.000000e+00  
-1.25192  1.714067e+00  0.000000e+00  0.000000e+00  0.000000e+00  0.000000e+00  0.000000e+00  
-1.25115  1.726420e+00  0.000000e+00  0.000000e+00  0.000000e+00  0.000000e+00  0.000000e+00  
-1.25038  1.726414e+00  0.000000e+00  0.000000e+00  0.000000e+00  0.000000e+00  0.000000e+00  
-1.24962  1.738885e+00  0.000000e+00  0.000000e+00  0.000000e+00  0.000000e+00  0.000000e+00  
-1.24886  1.750469e+00  0.000000e+00  0.000000e+00  0.000000e+00  0.000000e+00  0.000000e+00  
-1.2481  1.750462e+00  0.000000e+00  0.000000e+00  0.000000e+00  0.000000e+00  0.000000e+00  
-1.24734  1.764060e+00  0.000000e+00  0.000000e+00  0.000000e+00  0.000000e+00  0.000000e+00  
-1.24658  1.774852e+00  0.000000e+00  0.000000e+00  0.000000e+00  0.000000e+00  0.000000e+00  
-1.24582  1.789275e+00  0.000000e+00  0.000000e+00  0.000000e+00  0.000000e+00  0.000000e+00  
-1.24507  1.799582e+00  0.000000e+00  0.000000e+00  0.000000e+00  0.000000e+00  0.000000e+00  
-1.24431  1.799575e+00  0.000000e+00  0.000000e+00  0.000000e+00  0.000000e+00  0.000000e+00  
-1.24356  1.815169e+00  0.000000e+00  0.000000e+00  0.000000e+00  0.000000e+00  0.000000e+00  
-1.24281  1.824650e+00  0.000000e+00  0.000000e+00  0.000000e+00  0.000000e+00  0.000000e+00  
-1.24205  1.824643e+00  0.000000e+00  0.000000e+00  0.000000e+00  0.000000e+00  0.000000e+00  
-1.24131  1.841457e+00  0.000000e+00  0.000000e+00  0.000000e+00  0.000000e+00  0.000000e+00  
-1.24056  1.850066e+00  0.000000e+00  0.000000e+00  0.000000e+00  0.000000e+00  0.000000e+00  
-1.23981  1.867770e+00  0.000000e+00  0.000000e+00  0.000000e+00  0.000000e+00  0.000000e+00  
-1.23907  1.875844e+00  0.000000e+00  0.000000e+00  0.000000e+00  0.000000e+00  0.000000e+00  
-1.23832  1.875837e+00  0.000000e+00  0.000000e+00  0.000000e+00  0.000000e+00  0.000000e+00  
-1.23758  1.894821e+00  0.000000e+00  0.000000e+00  0.000000e+00  0.000000e+00  0.000000e+00  
-1.23684  1.901974e+00  0.000000e+00  0.000000e+00  0.000000e+00  0.000000e+00  0.000000e+00  
-1.2361  1.921893e+00  0.000000e+00  0.000000e+00  0.000000e+00  0.000000e+00  0.000000e+00  
-1.23536  1.928475e+00  0.000000e+00  0.000000e+00  0.000000e+00  0.000000e+00  0.000000e+00  
-1.23462  1.928468e+00  0.000000e+00  0.000000e+00  0.000000e+00  0.000000e+00  0.000000e+00  
-1.23388  1.949709e+00  0.000000e+00  0.000000e+00  0.000000e+00  0.000000e+00  0.000000e+00  
-1.23315  1.955338e+00  0.000000e+00  0.000000e+00  0.000000e+00  0.000000e+00  0.000000e+00  
-1.23241  1.955331e+00  0.000000e+00  0.000000e+00  0.000000e+00  0.000000e+00  0.000000e+00  
-1.23168  1.977940e+00  0.000000e+00  0.000000e+00  0.000000e+00  0.000000e+00  0.000000e+00  
-1.23095  1.982576e+00  0.000000e+00  0.000000e+00  0.000000e+00  0.000000e+00  0.000000e+00  
-1.23022  1.982568e+00  0.000000e+00  0.000000e+00  0.000000e+00  0.000000e+00  0.000000e+00  
-1.22949  2.006569e+00  0.000000e+00  0.000000e+00  0.000000e+00  0.000000e+00  0.000000e+00  
-1.22876  2.010192e+00  0.000000e+00  0.000000e+00  0.000000e+00  0.000000e+00  0.000000e+00  
-1.22803  2.010185e+00  0.000000e+00  0.000000e+00  0.000000e+00  0.000000e+00  0.000000e+00  
-1.22731  2.035590e+00  0.000000e+00  0.000000e+00  0.000000e+00  0.000000e+00  0.000000e+00  
-1.22658  2.038193e+00  0.000000e+00  0.000000e+00  0.000000e+00  0.000000e+00  0.000000e+00  
-1.22586  2.064711e+00  0.000000e+00  0.000000e+00  0.000000e+00  0.000000e+00  0.000000e+00  
-1.22514  2.066593e+00  0.000000e+00  0.000000e+00  0.000000e+00  0.000000e+00  0.000000e+00  
-1.22442  2.066585e+00  0.000000e+00  0.000000e+00  0.000000e+00  0.000000e+00  0.000000e+00  
-1.2237  2.094571e+00  0.000000e+00  0.000000e+00  0.000000e+00  0.000000e+00  0.000000e+00  
-1.22298  2.095380e+00  0.000000e+00  0.000000e+00  0.000000e+00  0.000000e+00  0.000000e+00  
-1.22226  2.095372e+00  0.000000e+00  0.000000e+00  0.000000e+00  0.000000e+00  0.000000e+00  
-1.22155  2.124575e+00  0.000000e+00  0.000000e+00  0.000000e+00  0.000000e+00  0.000000e+00  
-1.22083  2.124567e+00  0.000000e+00  0.000000e+00  0.000000e+00  0.000000e+00  0.000000e+00  
-1.22012  2.125640e+00  0.000000e+00  0.000000e+00  0.000000e+00  0.000000e+00  0.000000e+00  
-1.21941  2.154170e+00  0.000000e+00  0.000000e+00  0.000000e+00  0.000000e+00  0.000000e+00  
-1.21869  2.154162e+00  0.000000e+00  0.000000e+00  0.000000e+00  0.000000e+00  0.000000e+00  
-1.21798  2.156425e+00  0.000000e+00  0.000000e+00  0.000000e+00  0.000000e+00  0.000000e+00  
-1.21728  2.184177e+00  0.000000e+00  0.000000e+00  0.000000e+00  0.000000e+00  0.000000e+00  
-1.21657  2.187256e+00  0.000000e+00  0.000000e+00  0.000000e+00  0.000000e+00  0.000000e+00  
-1.21586  2.214610e+00  0.000000e+00  0.000000e+00  0.000000e+00  0.000000e+00  0.000000e+00  
-1.21516  2.214602e+00  0.000000e+00  0.000000e+00  0.000000e+00  0.000000e+00  0.000000e+00  
-1.21445  2.218932e+00  0.000000e+00  0.000000e+00  0.000000e+00  0.000000e+00  0.000000e+00  
-1.21375  2.245459e+00  0.000000e+00  0.000000e+00  0.000000e+00  0.000000e+00  0.000000e+00  
-1.21305  2.245450e+00  0.000000e+00  0.000000e+00  0.000000e+00  0.000000e+00  0.000000e+00  
-1.21234  2.251066e+00  0.000000e+00  0.000000e+00  0.000000e+00  0.000000e+00  0.000000e+00  
-1.21164  2.276737e+00  0.000000e+00  0.000000e+00  0.000000e+00  0.000000e+00  0.000000e+00  
-1.21095  2.276729e+00  0.000000e+00  0.000000e+00  0.000000e+00  0.000000e+00  0.000000e+00  
-1.21025  2.283657e+00  0.000000e+00  0.000000e+00  0.000000e+00  0.000000e+00  0.000000e+00  
-1.20955  2.308451e+00  0.000000e+00  0.000000e+00  0.000000e+00  0.000000e+00  0.000000e+00  
-1.20886  2.308443e+00  0.000000e+00  0.000000e+00  0.000000e+00  0.000000e+00  0.000000e+00  
-1.20816  2.316702e+00  0.000000e+00  0.000000e+00  0.000000e+00  0.000000e+00  0.000000e+00  
-1.20747  2.340607e+00  0.000000e+00  0.000000e+00  0.000000e+00  0.000000e+00  0.000000e+00  
-1.20678  2.340598e+00  0.000000e+00  0.000000e+00  0.000000e+00  0.000000e+00  0.000000e+00  
-1.20609  2.350250e+00  0.000000e+00  0.000000e+00  0.000000e+00  0.000000e+00  0.000000e+00  
-1.2054  2.373211e+00  0.000000e+00  0.000000e+00  0.000000e+00  0.000000e+00  0.000000e+00  
-1.20471  2.383849e+00  0.000000e+00  0.000000e+00  0.000000e+00  0.000000e+00  0.000000e+00  
-1.20402  2.406278e+00  0.000000e+00  0.000000e+00  0.000000e+00  0.000000e+00  0.000000e+00  
-1.20333  2.406269e+00  0.000000e+00  0.000000e+00  0.000000e+00  0.000000e+00  0.000000e+00  
-1.20265  2.406260e+00  0.000000e+00  0.000000e+00  0.000000e+00  0.000000e+00  0.000000e+00  
-1.20196  2.418795e+00  0.000000e+00  0.000000e+00  0.000000e+00  0.000000e+00  0.000000e+00  
-1.20128  2.439788e+00  0.000000e+00  0.000000e+00  0.000000e+00  0.000000e+00  0.000000e+00  
-1.2006  2.439778e+00  0.000000e+00  0.000000e+00  0.000000e+00  0.000000e+00  0.000000e+00  
-1.19992  2.453817e+00  0.000000e+00  0.000000e+00  0.000000e+00  0.000000e+00  0.000000e+00  
-1.19924  2.473773e+00  0.000000e+00  0.000000e+00  0.000000e+00  0.000000e+00  0.000000e+00  
-1.19856  2.488895e+00  0.000000e+00  0.000000e+00  0.000000e+00  0.000000e+00  0.000000e+00  
-1.19788  2.508241e+00  0.000000e+00  0.000000e+00  0.000000e+00  0.000000e+00  0.000000e+00  
-1.1972  2.508232e+00  0.000000e+00  0.000000e+00  0.000000e+00  0.000000e+00  0.000000e+00  
-1.19653  2.508222e+00  0.000000e+00  0.000000e+00  0.000000e+00  0.000000e+00  0.000000e+00  
-1.19585  2.525371e+00  0.000000e+00  0.000000e+00  0.000000e+00  0.000000e+00  0.000000e+00  
-1.19518  2.543171e+00  0.000000e+00  0.000000e+00  0.000000e+00  0.000000e+00  0.000000e+00  
-1.19451  2.543161e+00  0.000000e+00  0.000000e+00  0.000000e+00  0.000000e+00  0.000000e+00  
-1.19383  2.561936e+00  0.000000e+00  0.000000e+00  0.000000e+00  0.000000e+00  0.000000e+00  
-1.19316  2.578596e+00  0.000000e+00  0.000000e+00  0.000000e+00  0.000000e+00  0.000000e+00  
-1.19249  2.578586e+00  0.000000e+00  0.000000e+00  0.000000e+00  0.000000e+00  0.000000e+00  
-1.19182  2.599009e+00  0.000000e+00  0.000000e+00  0.000000e+00  0.000000e+00  0.000000e+00  
-1.19116  2.614515e+00  0.000000e+00  0.000000e+00  0.000000e+00  0.000000e+00  0.000000e+00  
-1.19049  2.614505e+00  0.000000e+00  0.000000e+00  0.000000e+00  0.000000e+00  0.000000e+00  
-1.18982  2.636637e+00  0.000000e+00  0.000000e+00  0.000000e+00  0.000000e+00  0.000000e+00  
-1.18916  2.650934e+00  0.000000e+00  0.000000e+00  0.000000e+00  0.000000e+00  0.000000e+00  
-1.1885  2.650924e+00  0.000000e+00  0.000000e+00  0.000000e+00  0.000000e+00  0.000000e+00  
-1.18783  2.674821e+00  0.000000e+00  0.000000e+00  0.000000e+00  0.000000e+00  0.000000e+00  
-1.18717  2.687861e+00  0.000000e+00  0.000000e+00  0.000000e+00  0.000000e+00  0.000000e+00  
-1.18651  2.687851e+00  0.000000e+00  0.000000e+00  0.000000e+00  0.000000e+00  0.000000e+00  
-1.18585  2.713534e+00  0.000000e+00  0.000000e+00  0.000000e+00  0.000000e+00  0.000000e+00  
-1.18519  2.725302e+00  0.000000e+00  0.000000e+00  0.000000e+00  0.000000e+00  0.000000e+00  
-1.18454  2.725291e+00  0.000000e+00  0.000000e+00  0.000000e+00  0.000000e+00  0.000000e+00  
-1.18388  2.752807e+00  0.000000e+00  0.000000e+00  0.000000e+00  0.000000e+00  0.000000e+00  
-1.18323  2.763264e+00  0.000000e+00  0.000000e+00  0.000000e+00  0.000000e+00  0.000000e+00  
-1.18257  2.763254e+00  0.000000e+00  0.000000e+00  0.000000e+00  0.000000e+00  0.000000e+00  
-1.18192  2.792660e+00  0.000000e+00  0.000000e+00  0.000000e+00  0.000000e+00  0.000000e+00  
-1.18126  2.801756e+00  0.000000e+00  0.000000e+00  0.000000e+00  0.000000e+00  0.000000e+00  
-1.18061  2.801745e+00  0.000000e+00  0.000000e+00  0.000000e+00  0.000000e+00  0.000000e+00  
-1.17996  2.801734e+00  0.000000e+00  0.000000e+00  0.000000e+00  0.000000e+00  0.000000e+00  
-1.17931  2.833562e+00  0.000000e+00  0.000000e+00  0.000000e+00  0.000000e+00  0.000000e+00  
-1.17866  2.840772e+00  0.000000e+00  0.000000e+00  0.000000e+00  0.000000e+00  0.000000e+00  
-1.17802  2.874063e+00  0.000000e+00  0.000000e+00  0.000000e+00  0.000000e+00  0.000000e+00  
-1.17737  2.880354e+00  0.000000e+00  0.000000e+00  0.000000e+00  0.000000e+00  0.000000e+00  
-1.17672  2.880343e+00  0.000000e+00  0.000000e+00  0.000000e+00  0.000000e+00  0.000000e+00  
-1.17608  2.915669e+00  0.000000e+00  0.000000e+00  0.000000e+00  0.000000e+00  0.000000e+00  
-1.17544  2.920476e+00  0.000000e+00  0.000000e+00  0.000000e+00  0.000000e+00  0.000000e+00  
-1.17479  2.920465e+00  0.000000e+00  0.000000e+00  0.000000e+00  0.000000e+00  0.000000e+00  
-1.17415  2.957877e+00  0.000000e+00  0.000000e+00  0.000000e+00  0.000000e+00  0.000000e+00  
-1.17351  2.961158e+00  0.000000e+00  0.000000e+00  0.000000e+00  0.000000e+00  0.000000e+00  
-1.17287  2.961146e+00  0.000000e+00  0.000000e+00  0.000000e+00  0.000000e+00  0.000000e+00  
-1.17223  2.961135e+00  0.000000e+00  0.000000e+00  0.000000e+00  0.000000e+00  0.000000e+00  
-1.17159  3.001194e+00  0.000000e+00  0.000000e+00  0.000000e+00  0.000000e+00  0.000000e+00  
-1.17096  3.002394e+00  0.000000e+00  0.000000e+00  0.000000e+00  0.000000e+00  0.000000e+00  
-1.17032  3.002383e+00  0.000000e+00  0.000000e+00  0.000000e+00  0.000000e+00  0.000000e+00  
-1.16968  3.044228e+00  0.000000e+00  0.000000e+00  0.000000e+00  0.000000e+00  0.000000e+00  
-1.16905  3.044216e+00  0.000000e+00  0.000000e+00  0.000000e+00  0.000000e+00  0.000000e+00  
-1.16842  3.045711e+00  0.000000e+00  0.000000e+00  0.000000e+00  0.000000e+00  0.000000e+00  
-1.16778  3.086633e+00  0.000000e+00  0.000000e+00  0.000000e+00  0.000000e+00  0.000000e+00  
-1.16715  3.086621e+00  0.000000e+00  0.000000e+00  0.000000e+00  0.000000e+00  0.000000e+00  
-1.16652  3.086609e+00  0.000000e+00  0.000000e+00  0.000000e+00  0.000000e+00  0.000000e+00  
-1.16589  3.090343e+00  0.000000e+00  0.000000e+00  0.000000e+00  0.000000e+00  0.000000e+00  
-1.16526  3.129617e+00  0.000000e+00  0.000000e+00  0.000000e+00  0.000000e+00  0.000000e+00  
-1.16463  3.129605e+00  0.000000e+00  0.000000e+00  0.000000e+00  0.000000e+00  0.000000e+00  
-1.16401  3.135098e+00  0.000000e+00  0.000000e+00  0.000000e+00  0.000000e+00  0.000000e+00  
-1.16338  3.173211e+00  0.000000e+00  0.000000e+00  0.000000e+00  0.000000e+00  0.000000e+00  
-1.16276  3.173199e+00  0.000000e+00  0.000000e+00  0.000000e+00  0.000000e+00  0.000000e+00  
-1.16213  3.173187e+00  0.000000e+00  0.000000e+00  0.000000e+00  0.000000e+00  0.000000e+00  
-1.16151  3.181035e+00  0.000000e+00  0.000000e+00  0.000000e+00  0.000000e+00  0.000000e+00  
-1.16089  3.217401e+00  0.000000e+00  0.000000e+00  0.000000e+00  0.000000e+00  0.000000e+00  
-1.16026  3.217388e+00  0.000000e+00  0.000000e+00  0.000000e+00  0.000000e+00  0.000000e+00  
-1.15964  3.227101e+00  0.000000e+00  0.000000e+00  0.000000e+00  0.000000e+00  0.000000e+00  
-1.15902  3.262218e+00  0.000000e+00  0.000000e+00  0.000000e+00  0.000000e+00  0.000000e+00  
-1.1584  3.262206e+00  0.000000e+00  0.000000e+00  0.000000e+00  0.000000e+00  0.000000e+00  
-1.15779  3.273833e+00  0.000000e+00  0.000000e+00  0.000000e+00  0.000000e+00  0.000000e+00  
-1.15717  3.307660e+00  0.000000e+00  0.000000e+00  0.000000e+00  0.000000e+00  0.000000e+00  
-1.15655  3.307647e+00  0.000000e+00  0.000000e+00  0.000000e+00  0.000000e+00  0.000000e+00  
-1.15594  3.307634e+00  0.000000e+00  0.000000e+00  0.000000e+00  0.000000e+00  0.000000e+00  
-1.15532  3.321798e+00  0.000000e+00  0.000000e+00  0.000000e+00  0.000000e+00  0.000000e+00  
-1.15471  3.353721e+00  0.000000e+00  0.000000e+00  0.000000e+00  0.000000e+00  0.000000e+00  
-1.15409  3.353708e+00  0.000000e+00  0.000000e+00  0.000000e+00  0.000000e+00  0.000000e+00  
-1.15348  3.369899e+00  0.000000e+00  0.000000e+00  0.000000e+00  0.000000e+00  0.000000e+00  
-1.15287  3.400437e+00  0.000000e+00  0.000000e+00  0.000000e+00  0.000000e+00  0.000000e+00  
-1.15226  3.400424e+00  0.000000e+00  0.000000e+00  0.000000e+00  0.000000e+00  0.000000e+00  
-1.15165  3.418715e+00  0.000000e+00  0.000000e+00  0.000000e+00  0.000000e+00  0.000000e+00  
-1.15104  3.447804e+00  0.000000e+00  0.000000e+00  0.000000e+00  0.000000e+00  0.000000e+00  
-1.15044  3.447791e+00  0.000000e+00  0.000000e+00  0.000000e+00  0.000000e+00  0.000000e+00  
-1.14983  3.447778e+00  0.000000e+00  0.000000e+00  0.000000e+00  0.000000e+00  0.000000e+00  
-1.14922  3.468779e+00  0.000000e+00  0.000000e+00  0.000000e+00  0.000000e+00  0.000000e+00  
-1.14862  3.495818e+00  0.000000e+00  0.000000e+00  0.000000e+00  0.000000e+00  0.000000e+00  
-1.14801  3.495804e+00  0.000000e+00  0.000000e+00  0.000000e+00  0.000000e+00  0.000000e+00  
-1.14741  3.519029e+00  0.000000e+00  0.000000e+00  0.000000e+00  0.000000e+00  0.000000e+00  
-1.14681  3.544513e+00  0.000000e+00  0.000000e+00  0.000000e+00  0.000000e+00  0.000000e+00  
-1.1462  3.544500e+00  0.000000e+00  0.000000e+00  0.000000e+00  0.000000e+00  0.000000e+00  
-1.1456  3.544486e+00  0.000000e+00  0.000000e+00  0.000000e+00  0.000000e+00  0.000000e+00  
-1.145  3.570579e+00  0.000000e+00  0.000000e+00  0.000000e+00  0.000000e+00  0.000000e+00  
-1.1444  3.593873e+00  0.000000e+00  0.000000e+00  0.000000e+00  0.000000e+00  0.000000e+00  
-1.14381  3.593860e+00  0.000000e+00  0.000000e+00  0.000000e+00  0.000000e+00  0.000000e+00  
-1.14321  3.622282e+00  0.000000e+00  0.000000e+00  0.000000e+00  0.000000e+00  0.000000e+00  
-1.14261  3.643935e+00  0.000000e+00  0.000000e+00  0.000000e+00  0.000000e+00  0.000000e+00  
-1.14201  3.643921e+00  0.000000e+00  0.000000e+00  0.000000e+00  0.000000e+00  0.000000e+00  
-1.14142  3.643907e+00  0.000000e+00  0.000000e+00  0.000000e+00  0.000000e+00  0.000000e+00  
-1.14082  3.675332e+00  0.000000e+00  0.000000e+00  0.000000e+00  0.000000e+00  0.000000e+00  
-1.14023  3.694679e+00  0.000000e+00  0.000000e+00  0.000000e+00  0.000000e+00  0.000000e+00  
-1.13964  3.694665e+00  0.000000e+00  0.000000e+00  0.000000e+00  0.000000e+00  0.000000e+00  
-1.13905  3.694651e+00  0.000000e+00  0.000000e+00  0.000000e+00  0.000000e+00  0.000000e+00  
-1.13845  3.729216e+00  0.000000e+00  0.000000e+00  0.000000e+00  0.000000e+00  0.000000e+00  
-1.13786  3.746131e+00  0.000000e+00  0.000000e+00  0.000000e+00  0.000000e+00  0.000000e+00  
-1.13727  3.746116e+00  0.000000e+00  0.000000e+00  0.000000e+00  0.000000e+00  0.000000e+00  
-1.13669  3.783151e+00  0.000000e+00  0.000000e+00  0.000000e+00  0.000000e+00  0.000000e+00  
-1.1361  3.798313e+00  0.000000e+00  0.000000e+00  0.000000e+00  0.000000e+00  0.000000e+00  
-1.13551  3.798299e+00  0.000000e+00  0.000000e+00  0.000000e+00  0.000000e+00  0.000000e+00  
-1.13492  3.798284e+00  0.000000e+00  0.000000e+00  0.000000e+00  0.000000e+00  0.000000e+00  
-1.13434  3.838613e+00  0.000000e+00  0.000000e+00  0.000000e+00  0.000000e+00  0.000000e+00  
-1.13375  3.851207e+00  0.000000e+00  0.000000e+00  0.000000e+00  0.000000e+00  0.000000e+00  
-1.13317  3.851193e+00  0.000000e+00  0.000000e+00  0.000000e+00  0.000000e+00  0.000000e+00  
-1.13259  3.894171e+00  0.000000e+00  0.000000e+00  0.000000e+00  0.000000e+00  0.000000e+00  
-1.132  3.904853e+00  0.000000e+00  0.000000e+00  0.000000e+00  0.000000e+00  0.000000e+00  
-1.13142  3.904839e+00  0.000000e+00  0.000000e+00  0.000000e+00  0.000000e+00  0.000000e+00  
-1.13084  3.904824e+00  0.000000e+00  0.000000e+00  0.000000e+00  0.000000e+00  0.000000e+00  
-1.13026  3.951204e+00  0.000000e+00  0.000000e+00  0.000000e+00  0.000000e+00  0.000000e+00  
-1.12968  3.959232e+00  0.000000e+00  0.000000e+00  0.000000e+00  0.000000e+00  0.000000e+00  
-1.1291  3.959216e+00  0.000000e+00  0.000000e+00  0.000000e+00  0.000000e+00  0.000000e+00  
-1.12853  3.959201e+00  0.000000e+00  0.000000e+00  0.000000e+00  0.000000e+00  0.000000e+00  
-1.12795  4.009076e+00  0.000000e+00  0.000000e+00  0.000000e+00  0.000000e+00  0.000000e+00  
-1.12737  4.014367e+00  0.000000e+00  0.000000e+00  0.000000e+00  0.000000e+00  0.000000e+00  
-1.1268  4.014352e+00  0.000000e+00  0.000000e+00  0.000000e+00  0.000000e+00  0.000000e+00  
-1.12622  4.067109e+00  0.000000e+00  0.000000e+00  0.000000e+00  0.000000e+00  0.000000e+00  
-1.12565  4.070286e+00  0.000000e+00  0.000000e+00  0.000000e+00  0.000000e+00  0.000000e+00  
-1.12507  4.070270e+00  0.000000e+00  0.000000e+00  0.000000e+00  0.000000e+00  0.000000e+00  
-1.1245  4.070255e+00  0.000000e+00  0.000000e+00  0.000000e+00  0.000000e+00  0.000000e+00  
-1.12393  4.126724e+00  0.000000e+00  0.000000e+00  0.000000e+00  0.000000e+00  0.000000e+00  
-1.12336  4.126968e+00  0.000000e+00  0.000000e+00  0.000000e+00  0.000000e+00  0.000000e+00  
-1.12279  4.126952e+00  0.000000e+00  0.000000e+00  0.000000e+00  0.000000e+00  0.000000e+00  
-1.12222  4.128866e+00  0.000000e+00  0.000000e+00  0.000000e+00  0.000000e+00  0.000000e+00  
-1.12165  4.184455e+00  0.000000e+00  0.000000e+00  0.000000e+00  0.000000e+00  0.000000e+00  
-1.12108  4.184439e+00  0.000000e+00  0.000000e+00  0.000000e+00  0.000000e+00  0.000000e+00  
-1.12051  4.184423e+00  0.000000e+00  0.000000e+00  0.000000e+00  0.000000e+00  0.000000e+00  
-1.11995  4.189422e+00  0.000000e+00  0.000000e+00  0.000000e+00  0.000000e+00  0.000000e+00  
-1.11938  4.242727e+00  0.000000e+00  0.000000e+00  0.000000e+00  0.000000e+00  0.000000e+00  
-1.11882  4.242710e+00  0.000000e+00  0.000000e+00  0.000000e+00  0.000000e+00  0.000000e+00  
-1.11825  4.242694e+00  0.000000e+00  0.000000e+00  0.000000e+00  0.000000e+00  0.000000e+00  
-1.11769  4.250814e+00  0.000000e+00  0.000000e+00  0.000000e+00  0.000000e+00  0.000000e+00  
-1.11713  4.301810e+00  0.000000e+00  0.000000e+00  0.000000e+00  0.000000e+00  0.000000e+00  
-1.11656  4.301794e+00  0.000000e+00  0.000000e+00  0.000000e+00  0.000000e+00  0.000000e+00  
-1.116  4.312374e+00  0.000000e+00  0.000000e+00  0.000000e+00  0.000000e+00  0.000000e+00  
-1.11544  4.361733e+00  0.000000e+00  0.000000e+00  0.000000e+00  0.000000e+00  0.000000e+00  
-1.11488  4.361716e+00  0.000000e+00  0.000000e+00  0.000000e+00  0.000000e+00  0.000000e+00  
-1.11432  4.361700e+00  0.000000e+00  0.000000e+00  0.000000e+00  0.000000e+00  0.000000e+00  
-1.11376  4.375559e+00  0.000000e+00  0.000000e+00  0.000000e+00  0.000000e+00  0.000000e+00  
-1.11321  4.422473e+00  0.000000e+00  0.000000e+00  0.000000e+00  0.000000e+00  0.000000e+00  
-1.11265  4.422456e+00  0.000000e+00  0.000000e+00  0.000000e+00  0.000000e+00  0.000000e+00  
-1.11209  4.422440e+00  0.000000e+00  0.000000e+00  0.000000e+00  0.000000e+00  0.000000e+00  
-1.11154  4.439712e+00  0.000000e+00  0.000000e+00  0.000000e+00  0.000000e+00  0.000000e+00  
-1.11098  4.484060e+00  0.000000e+00  0.000000e+00  0.000000e+00  0.000000e+00  0.000000e+00  
-1.11043  4.484043e+00  0.000000e+00  0.000000e+00  0.000000e+00  0.000000e+00  0.000000e+00  
-1.10987  4.484026e+00  0.000000e+00  0.000000e+00  0.000000e+00  0.000000e+00  0.000000e+00  
-1.10932  4.504776e+00  0.000000e+00  0.000000e+00  0.000000e+00  0.000000e+00  0.000000e+00  
-1.10877  4.546504e+00  0.000000e+00  0.000000e+00  0.000000e+00  0.000000e+00  0.000000e+00  
-1.10822  4.546487e+00  0.000000e+00  0.000000e+00  0.000000e+00  0.000000e+00  0.000000e+00  
-1.10767  4.546469e+00  0.000000e+00  0.000000e+00  0.000000e+00  0.000000e+00  0.000000e+00  
-1.10712  4.570813e+00  0.000000e+00  0.000000e+00  0.000000e+00  0.000000e+00  0.000000e+00  
-1.10657  4.609817e+00  0.000000e+00  0.000000e+00  0.000000e+00  0.000000e+00  0.000000e+00  
-1.10602  4.609800e+00  0.000000e+00  0.000000e+00  0.000000e+00  0.000000e+00  0.000000e+00  
-1.10547  4.609782e+00  0.000000e+00  0.000000e+00  0.000000e+00  0.000000e+00  0.000000e+00  
-1.10492  4.637771e+00  0.000000e+00  0.000000e+00  0.000000e+00  0.000000e+00  0.000000e+00  
-1.10438  4.674013e+00  0.000000e+00  0.000000e+00  0.000000e+00  0.000000e+00  0.000000e+00  
-1.10383  4.673995e+00  0.000000e+00  0.000000e+00  0.000000e+00  0.000000e+00  0.000000e+00  
-1.10329  4.673977e+00  0.000000e+00  0.000000e+00  0.000000e+00  0.000000e+00  0.000000e+00  
-1.10274  4.705773e+00  0.000000e+00  0.000000e+00  0.000000e+00  0.000000e+00  0.000000e+00  
-1.1022  4.739102e+00  0.000000e+00  0.000000e+00  0.000000e+00  0.000000e+00  0.000000e+00  
-1.10165  4.739084e+00  0.000000e+00  0.000000e+00  0.000000e+00  0.000000e+00  0.000000e+00  
-1.10111  4.739066e+00  0.000000e+00  0.000000e+00  0.000000e+00  0.000000e+00  0.000000e+00  
-1.10057  4.774705e+00  0.000000e+00  0.000000e+00  0.000000e+00  0.000000e+00  0.000000e+00  
-1.10003  4.805098e+00  0.000000e+00  0.000000e+00  0.000000e+00  0.000000e+00  0.000000e+00  
-1.09949  4.805080e+00  0.000000e+00  0.000000e+00  0.000000e+00  0.000000e+00  0.000000e+00  
-1.09895  4.805061e+00  0.000000e+00  0.000000e+00  0.000000e+00  0.000000e+00  0.000000e+00  
-1.09841  4.805043e+00  0.000000e+00  0.000000e+00  0.000000e+00  0.000000e+00  0.000000e+00  
-1.09787  4.845520e+00  0.000000e+00  0.000000e+00  0.000000e+00  0.000000e+00  0.000000e+00  
-1.09733  4.871994e+00  0.000000e+00  0.000000e+00  0.000000e+00  0.000000e+00  0.000000e+00  
-1.0968  4.871976e+00  0.000000e+00  0.000000e+00  0.000000e+00  0.000000e+00  0.000000e+00  
-1.09626  4.915647e+00  0.000000e+00  0.000000e+00  0.000000e+00  0.000000e+00  0.000000e+00  
-1.09572  4.939859e+00  0.000000e+00  0.000000e+00  0.000000e+00  0.000000e+00  0.000000e+00  
-1.09519  4.939840e+00  0.000000e+00  0.000000e+00  0.000000e+00  0.000000e+00  0.000000e+00  
-1.09465  4.939822e+00  0.000000e+00  0.000000e+00  0.000000e+00  0.000000e+00  0.000000e+00  
-1.09412  4.939803e+00  0.000000e+00  0.000000e+00  0.000000e+00  0.000000e+00  0.000000e+00  
-1.09359  4.988551e+00  0.000000e+00  0.000000e+00  0.000000e+00  0.000000e+00  0.000000e+00  
-1.09306  5.008632e+00  0.000000e+00  0.000000e+00  0.000000e+00  0.000000e+00  0.000000e+00  
-1.09252  5.008613e+00  0.000000e+00  0.000000e+00  0.000000e+00  0.000000e+00  0.000000e+00  
-1.09199  5.008594e+00  0.000000e+00  0.000000e+00  0.000000e+00  0.000000e+00  0.000000e+00  
-1.09146  5.061634e+00  0.000000e+00  0.000000e+00  0.000000e+00  0.000000e+00  0.000000e+00  
-1.09093  5.078381e+00  0.000000e+00  0.000000e+00  0.000000e+00  0.000000e+00  0.000000e+00  
-1.0904  5.078361e+00  0.000000e+00  0.000000e+00  0.000000e+00  0.000000e+00  0.000000e+00  
-1.08987  5.078342e+00  0.000000e+00  0.000000e+00  0.000000e+00  0.000000e+00  0.000000e+00  
-1.08935  5.135822e+00  0.000000e+00  0.000000e+00  0.000000e+00  0.000000e+00  0.000000e+00  
-1.08882  5.149101e+00  0.000000e+00  0.000000e+00  0.000000e+00  0.000000e+00  0.000000e+00  
-1.08829  5.149082e+00  0.000000e+00  0.000000e+00  0.000000e+00  0.000000e+00  0.000000e+00  
-1.08777  5.149062e+00  0.000000e+00  0.000000e+00  0.000000e+00  0.000000e+00  0.000000e+00  
-1.08724  5.211049e+00  0.000000e+00  0.000000e+00  0.000000e+00  0.000000e+00  0.000000e+00  
-1.08672  5.220806e+00  0.000000e+00  0.000000e+00  0.000000e+00  0.000000e+00  0.000000e+00  
-1.08619  5.220787e+00  0.000000e+00  0.000000e+00  0.000000e+00  0.000000e+00  0.000000e+00  
-1.08567  5.220767e+00  0.000000e+00  0.000000e+00  0.000000e+00  0.000000e+00  0.000000e+00  
-1.08514  5.220747e+00  0.000000e+00  0.000000e+00  0.000000e+00  0.000000e+00  0.000000e+00  
-1.08462  5.288314e+00  0.000000e+00  0.000000e+00  0.000000e+00  0.000000e+00  0.000000e+00  
-1.0841  5.293490e+00  0.000000e+00  0.000000e+00  0.000000e+00  0.000000e+00  0.000000e+00  
-1.08358  5.293470e+00  0.000000e+00  0.000000e+00  0.000000e+00  0.000000e+00  0.000000e+00  
-1.08306  5.293450e+00  0.000000e+00  0.000000e+00  0.000000e+00  0.000000e+00  0.000000e+00  
-1.08254  5.365829e+00  0.000000e+00  0.000000e+00  0.000000e+00  0.000000e+00  0.000000e+00  
-1.08202  5.367206e+00  0.000000e+00  0.000000e+00  0.000000e+00  0.000000e+00  0.000000e+00  
-1.0815  5.367186e+00  0.000000e+00  0.000000e+00  0.000000e+00  0.000000e+00  0.000000e+00  
-1.08098  5.368600e+00  0.000000e+00  0.000000e+00  0.000000e+00  0.000000e+00  0.000000e+00  
-1.08047  5.441970e+00  0.000000e+00  0.000000e+00  0.000000e+00  0.000000e+00  0.000000e+00  
-1.07995  5.441949e+00  0.000000e+00  0.000000e+00  0.000000e+00  0.000000e+00  0.000000e+00  
-1.07943  5.441928e+00  0.000000e+00  0.000000e+00  0.000000e+00  0.000000e+00  0.000000e+00  
-1.07892  5.441907e+00  0.000000e+00  0.000000e+00  0.000000e+00  0.000000e+00  0.000000e+00  
-1.0784  5.448264e+00  0.000000e+00  0.000000e+00  0.000000e+00  0.000000e+00  0.000000e+00  
-1.07789  5.517732e+00  0.000000e+00  0.000000e+00  0.000000e+00  0.000000e+00  0.000000e+00  
-1.07738  5.517711e+00  0.000000e+00  0.000000e+00  0.000000e+00  0.000000e+00  0.000000e+00  
-1.07686  5.517690e+00  0.000000e+00  0.000000e+00  0.000000e+00  0.000000e+00  0.000000e+00  
-1.07635  5.528165e+00  0.000000e+00  0.000000e+00  0.000000e+00  0.000000e+00  0.000000e+00  
-1.07584  5.594571e+00  0.000000e+00  0.000000e+00  0.000000e+00  0.000000e+00  0.000000e+00  
-1.07533  5.594550e+00  0.000000e+00  0.000000e+00  0.000000e+00  0.000000e+00  0.000000e+00  
-1.07482  5.594528e+00  0.000000e+00  0.000000e+00  0.000000e+00  0.000000e+00  0.000000e+00  
-1.07431  5.609177e+00  0.000000e+00  0.000000e+00  0.000000e+00  0.000000e+00  0.000000e+00  
-1.0738  5.672480e+00  0.000000e+00  0.000000e+00  0.000000e+00  0.000000e+00  0.000000e+00  
-1.07329  5.672458e+00  0.000000e+00  0.000000e+00  0.000000e+00  0.000000e+00  0.000000e+00  
-1.07278  5.672437e+00  0.000000e+00  0.000000e+00  0.000000e+00  0.000000e+00  0.000000e+00  
-1.07227  5.672415e+00  0.000000e+00  0.000000e+00  0.000000e+00  0.000000e+00  0.000000e+00  
-1.07177  5.692398e+00  0.000000e+00  0.000000e+00  0.000000e+00  0.000000e+00  0.000000e+00  
-1.07126  5.751452e+00  0.000000e+00  0.000000e+00  0.000000e+00  0.000000e+00  0.000000e+00  
-1.07075  5.751430e+00  0.000000e+00  0.000000e+00  0.000000e+00  0.000000e+00  0.000000e+00  
-1.07025  5.751408e+00  0.000000e+00  0.000000e+00  0.000000e+00  0.000000e+00  0.000000e+00  
-1.06974  5.751386e+00  0.000000e+00  0.000000e+00  0.000000e+00  0.000000e+00  0.000000e+00  
-1.06924  5.776850e+00  0.000000e+00  0.000000e+00  0.000000e+00  0.000000e+00  0.000000e+00  
-1.06874  5.831523e+00  0.000000e+00  0.000000e+00  0.000000e+00  0.000000e+00  0.000000e+00  
-1.06823  5.831501e+00  0.000000e+00  0.000000e+00  0.000000e+00  0.000000e+00  0.000000e+00  
-1.06773  5.831479e+00  0.000000e+00  0.000000e+00  0.000000e+00  0.000000e+00  0.000000e+00  
-1.06723  5.861484e+00  0.000000e+00  0.000000e+00  0.000000e+00  0.000000e+00  0.000000e+00  
-1.06673  5.912731e+00  0.000000e+00  0.000000e+00  0.000000e+00  0.000000e+00  0.000000e+00  
-1.06623  5.912709e+00  0.000000e+00  0.000000e+00  0.000000e+00  0.000000e+00  0.000000e+00  
-1.06573  5.912687e+00  0.000000e+00  0.000000e+00  0.000000e+00  0.000000e+00  0.000000e+00  
-1.06523  5.912664e+00  0.000000e+00  0.000000e+00  0.000000e+00  0.000000e+00  0.000000e+00  
-1.06473  5.912642e+00  0.000000e+00  0.000000e+00  0.000000e+00  0.000000e+00  0.000000e+00  
-1.06423  5.949516e+00  0.000000e+00  0.000000e+00  0.000000e+00  0.000000e+00  0.000000e+00  
-1.06373  5.995025e+00  0.000000e+00  0.000000e+00  0.000000e+00  0.000000e+00  0.000000e+00  
-1.06324  5.995003e+00  0.000000e+00  0.000000e+00  0.000000e+00  0.000000e+00  0.000000e+00  
-1.06274  5.994980e+00  0.000000e+00  0.000000e+00  0.000000e+00  0.000000e+00  0.000000e+00  
-1.06224  6.036672e+00  0.000000e+00  0.000000e+00  0.000000e+00  0.000000e+00  0.000000e+00  
-1.06175  6.078511e+00  0.000000e+00  0.000000e+00  0.000000e+00  0.000000e+00  0.000000e+00  
-1.06125  6.078488e+00  0.000000e+00  0.000000e+00  0.000000e+00  0.000000e+00  0.000000e+00  
-1.06076  6.078465e+00  0.000000e+00  0.000000e+00  0.000000e+00  0.000000e+00  0.000000e+00  
-1.06026  6.078442e+00  0.000000e+00  0.000000e+00  0.000000e+00  0.000000e+00  0.000000e+00  
-1.05977  6.126213e+00  0.000000e+00  0.000000e+00  0.000000e+00  0.000000e+00  0.000000e+00  
-1.05928  6.163136e+00  0.000000e+00  0.000000e+00  0.000000e+00  0.000000e+00  0.000000e+00  
-1.05879  6.163112e+00  0.000000e+00  0.000000e+00  0.000000e+00  0.000000e+00  0.000000e+00  
-1.0583  6.163089e+00  0.000000e+00  0.000000e+00  0.000000e+00  0.000000e+00  0.000000e+00  
-1.0578  6.163065e+00  0.000000e+00  0.000000e+00  0.000000e+00  0.000000e+00  0.000000e+00  
-1.05731  6.217076e+00  0.000000e+00  0.000000e+00  0.000000e+00  0.000000e+00  0.000000e+00  
-1.05682  6.248938e+00  0.000000e+00  0.000000e+00  0.000000e+00  0.000000e+00  0.000000e+00  
-1.05633  6.248915e+00  0.000000e+00  0.000000e+00  0.000000e+00  0.000000e+00  0.000000e+00  
-1.05585  6.248891e+00  0.000000e+00  0.000000e+00  0.000000e+00  0.000000e+00  0.000000e+00  
-1.05536  6.248867e+00  0.000000e+00  0.000000e+00  0.000000e+00  0.000000e+00  0.000000e+00  
-1.05487  6.309283e+00  0.000000e+00  0.000000e+00  0.000000e+00  0.000000e+00  0.000000e+00  
-1.05438  6.335936e+00  0.000000e+00  0.000000e+00  0.000000e+00  0.000000e+00  0.000000e+00  
-1.0539  6.335911e+00  0.000000e+00  0.000000e+00  0.000000e+00  0.000000e+00  0.000000e+00  
-1.05341  6.335887e+00  0.000000e+00  0.000000e+00  0.000000e+00  0.000000e+00  0.000000e+00  
-1.05293  6.401784e+00  0.000000e+00  0.000000e+00  0.000000e+00  0.000000e+00  0.000000e+00  
-1.05244  6.424168e+00  0.000000e+00  0.000000e+00  0.000000e+00  0.000000e+00  0.000000e+00  
-1.05196  6.424144e+00  0.000000e+00  0.000000e+00  0.000000e+00  0.000000e+00  0.000000e+00  
-1.05147  6.424119e+00  0.000000e+00  0.000000e+00  0.000000e+00  0.000000e+00  0.000000e+00  
-1.05099  6.424095e+00  0.000000e+00  0.000000e+00  0.000000e+00  0.000000e+00  0.000000e+00  
-1.05051  6.424071e+00  0.000000e+00  0.000000e+00  0.000000e+00  0.000000e+00  0.000000e+00  
-1.05002  6.497802e+00  0.000000e+00  0.000000e+00  0.000000e+00  0.000000e+00  0.000000e+00  
-1.04954  6.513580e+00  0.000000e+00  0.000000e+00  0.000000e+00  0.000000e+00  0.000000e+00  
-1.04906  6.513556e+00  0.000000e+00  0.000000e+00  0.000000e+00  0.000000e+00  0.000000e+00  
-1.04858  6.513531e+00  0.000000e+00  0.000000e+00  0.000000e+00  0.000000e+00  0.000000e+00  
-1.0481  6.592977e+00  0.000000e+00  0.000000e+00  0.000000e+00  0.000000e+00  0.000000e+00  
-1.04762  6.604287e+00  0.000000e+00  0.000000e+00  0.000000e+00  0.000000e+00  0.000000e+00  
-1.04714  6.604262e+00  0.000000e+00  0.000000e+00  0.000000e+00  0.000000e+00  0.000000e+00  
-1.04666  6.604237e+00  0.000000e+00  0.000000e+00  0.000000e+00  0.000000e+00  0.000000e+00  
-1.04618  6.604212e+00  0.000000e+00  0.000000e+00  0.000000e+00  0.000000e+00  0.000000e+00  
-1.04571  6.604187e+00  0.000000e+00  0.000000e+00  0.000000e+00  0.000000e+00  0.000000e+00  
-1.04523  6.691934e+00  0.000000e+00  0.000000e+00  0.000000e+00  0.000000e+00  0.000000e+00  
-1.04475  6.696206e+00  0.000000e+00  0.000000e+00  0.000000e+00  0.000000e+00  0.000000e+00  
-1.04428  6.696181e+00  0.000000e+00  0.000000e+00  0.000000e+00  0.000000e+00  0.000000e+00  
-1.0438  6.696155e+00  0.000000e+00  0.000000e+00  0.000000e+00  0.000000e+00  0.000000e+00  
-1.04333  6.789482e+00  0.000000e+00  0.000000e+00  0.000000e+00  0.000000e+00  0.000000e+00  
-1.04285  6.789456e+00  0.000000e+00  0.000000e+00  0.000000e+00  0.000000e+00  0.000000e+00  
-1.04238  6.789430e+00  0.000000e+00  0.000000e+00  0.000000e+00  0.000000e+00  0.000000e+00  
-1.04191  6.789405e+00  0.000000e+00  0.000000e+00  0.000000e+00  0.000000e+00  0.000000e+00  
-1.04143  6.789379e+00  0.000000e+00  0.000000e+00  0.000000e+00  0.000000e+00  0.000000e+00  
-1.04096  6.795950e+00  0.000000e+00  0.000000e+00  0.000000e+00  0.000000e+00  0.000000e+00  
-1.04049  6.883979e+00  0.000000e+00  0.000000e+00  0.000000e+00  0.000000e+00  0.000000e+00  
-1.04002  6.883952e+00  0.000000e+00  0.000000e+00  0.000000e+00  0.000000e+00  0.000000e+00  
-1.03955  6.883926e+00  0.000000e+00  0.000000e+00  0.000000e+00  0.000000e+00  0.000000e+00  
-1.03908  6.895618e+00  0.000000e+00  0.000000e+00  0.000000e+00  0.000000e+00  0.000000e+00  
-1.03861  6.979843e+00  0.000000e+00  0.000000e+00  0.000000e+00  0.000000e+00  0.000000e+00  
-1.03814  6.979817e+00  0.000000e+00  0.000000e+00  0.000000e+00  0.000000e+00  0.000000e+00  
-1.03767  6.979790e+00  0.000000e+00  0.000000e+00  0.000000e+00  0.000000e+00  0.000000e+00  
-1.0372  6.979764e+00  0.000000e+00  0.000000e+00  0.000000e+00  0.000000e+00  0.000000e+00  
-1.03673  6.979737e+00  0.000000e+00  0.000000e+00  0.000000e+00  0.000000e+00  0.000000e+00  
-1.03627  6.999120e+00  0.000000e+00  0.000000e+00  0.000000e+00  0.000000e+00  0.000000e+00  
-1.0358  7.076989e+00  0.000000e+00  0.000000e+00  0.000000e+00  0.000000e+00  0.000000e+00  
-1.03533  7.076962e+00  0.000000e+00  0.000000e+00  0.000000e+00  0.000000e+00  0.000000e+00  
-1.03487  7.076935e+00  0.000000e+00  0.000000e+00  0.000000e+00  0.000000e+00  0.000000e+00  
-1.0344  7.076908e+00  0.000000e+00  0.000000e+00  0.000000e+00  0.000000e+00  0.000000e+00  
-1.03394  7.102963e+00  0.000000e+00  0.000000e+00  0.000000e+00  0.000000e+00  0.000000e+00  
-1.03347  7.175515e+00  0.000000e+00  0.000000e+00  0.000000e+00  0.000000e+00  0.000000e+00  
-1.03301  7.175487e+00  0.000000e+00  0.000000e+00  0.000000e+00  0.000000e+00  0.000000e+00  
-1.03255  7.175460e+00  0.000000e+00  0.000000e+00  0.000000e+00  0.000000e+00  0.000000e+00  
-1.03208  7.175433e+00  0.000000e+00  0.000000e+00  0.000000e+00  0.000000e+00  0.000000e+00  
-1.03162  7.208341e+00  0.000000e+00  0.000000e+00  0.000000e+00  0.000000e+00  0.000000e+00  
-1.03116  7.275412e+00  0.000000e+00  0.000000e+00  0.000000e+00  0.000000e+00  0.000000e+00  
-1.0307  7.275384e+00  0.000000e+00  0.000000e+00  0.000000e+00  0.000000e+00  0.000000e+00  
-1.03024  7.275356e+00  0.000000e+00  0.000000e+00  0.000000e+00  0.000000e+00  0.000000e+00  
-1.02978  7.275329e+00  0.000000e+00  0.000000e+00  0.000000e+00  0.000000e+00  0.000000e+00  
-1.02932  7.315317e+00  0.000000e+00  0.000000e+00  0.000000e+00  0.000000e+00  0.000000e+00  
-1.02886  7.376700e+00  0.000000e+00  0.000000e+00  0.000000e+00  0.000000e+00  0.000000e+00  
-1.0284  7.376672e+00  0.000000e+00  0.000000e+00  0.000000e+00  0.000000e+00  0.000000e+00  
-1.02794  7.376643e+00  0.000000e+00  0.000000e+00  0.000000e+00  0.000000e+00  0.000000e+00  
-1.02748  7.376615e+00  0.000000e+00  0.000000e+00  0.000000e+00  0.000000e+00  0.000000e+00  
-1.02703  7.376587e+00  0.000000e+00  0.000000e+00  0.000000e+00  0.000000e+00  0.000000e+00  
-1.02657  7.425090e+00  0.000000e+00  0.000000e+00  0.000000e+00  0.000000e+00  0.000000e+00  
-1.02611  7.479369e+00  0.000000e+00  0.000000e+00  0.000000e+00  0.000000e+00  0.000000e+00  
-1.02566  7.479341e+00  0.000000e+00  0.000000e+00  0.000000e+00  0.000000e+00  0.000000e+00  
-1.0252  7.479312e+00  0.000000e+00  0.000000e+00  0.000000e+00  0.000000e+00  0.000000e+00  
-1.02475  7.479284e+00  0.000000e+00  0.000000e+00  0.000000e+00  0.000000e+00  0.000000e+00  
-1.02429  7.535221e+00  0.000000e+00  0.000000e+00  0.000000e+00  0.000000e+00  0.000000e+00  
-1.02384  7.583496e+00  0.000000e+00  0.000000e+00  0.000000e+00  0.000000e+00  0.000000e+00  
-1.02338  7.583467e+00  0.000000e+00  0.000000e+00  0.000000e+00  0.000000e+00  0.000000e+00  
-1.02293  7.583439e+00  0.000000e+00  0.000000e+00  0.000000e+00  0.000000e+00  0.000000e+00  
-1.02248  7.583410e+00  0.000000e+00  0.000000e+00  0.000000e+00  0.000000e+00  0.000000e+00  
-1.02203  7.583381e+00  0.000000e+00  0.000000e+00  0.000000e+00  0.000000e+00  0.000000e+00  
-1.02157  7.648321e+00  0.000000e+00  0.000000e+00  0.000000e+00  0.000000e+00  0.000000e+00  
-1.02112  7.689044e+00  0.000000e+00  0.000000e+00  0.000000e+00  0.000000e+00  0.000000e+00  
-1.02067  7.689015e+00  0.000000e+00  0.000000e+00  0.000000e+00  0.000000e+00  0.000000e+00  
-1.02022  7.688985e+00  0.000000e+00  0.000000e+00  0.000000e+00  0.000000e+00  0.000000e+00  
-1.01977  7.688956e+00  0.000000e+00  0.000000e+00  0.000000e+00  0.000000e+00  0.000000e+00  
-1.01932  7.761791e+00  0.000000e+00  0.000000e+00  0.000000e+00  0.000000e+00  0.000000e+00  
-1.01887  7.796090e+00  0.000000e+00  0.000000e+00  0.000000e+00  0.000000e+00  0.000000e+00  
-1.01843  7.796061e+00  0.000000e+00  0.000000e+00  0.000000e+00  0.000000e+00  0.000000e+00  
-1.01798  7.796031e+00  0.000000e+00  0.000000e+00  0.000000e+00  0.000000e+00  0.000000e+00  
-1.01753  7.796001e+00  0.000000e+00  0.000000e+00  0.000000e+00  0.000000e+00  0.000000e+00  
-1.01708  7.795972e+00  0.000000e+00  0.000000e+00  0.000000e+00  0.000000e+00  0.000000e+00  
-1.01664  7.878292e+00  0.000000e+00  0.000000e+00  0.000000e+00  0.000000e+00  0.000000e+00  
-1.01619  7.904597e+00  0.000000e+00  0.000000e+00  0.000000e+00  0.000000e+00  0.000000e+00  
-1.01575  7.904567e+00  0.000000e+00  0.000000e+00  0.000000e+00  0.000000e+00  0.000000e+00  
-1.0153  7.904537e+00  0.000000e+00  0.000000e+00  0.000000e+00  0.000000e+00  0.000000e+00  
-1.01486  7.904507e+00  0.000000e+00  0.000000e+00  0.000000e+00  0.000000e+00  0.000000e+00  
-1.01441  7.904477e+00  0.000000e+00  0.000000e+00  0.000000e+00  0.000000e+00  0.000000e+00  
-1.01397  7.996473e+00  0.000000e+00  0.000000e+00  0.000000e+00  0.000000e+00  0.000000e+00  
-1.01352  8.014614e+00  0.000000e+00  0.000000e+00  0.000000e+00  0.000000e+00  0.000000e+00  
-1.01308  8.014583e+00  0.000000e+00  0.000000e+00  0.000000e+00  0.000000e+00  0.000000e+00  
-1.01264  8.014553e+00  0.000000e+00  0.000000e+00  0.000000e+00  0.000000e+00  0.000000e+00  
-1.0122  8.014522e+00  0.000000e+00  0.000000e+00  0.000000e+00  0.000000e+00  0.000000e+00  
-1.01176  8.014492e+00  0.000000e+00  0.000000e+00  0.000000e+00  0.000000e+00  0.000000e+00  
-1.01131  8.014461e+00  0.000000e+00  0.000000e+00  0.000000e+00  0.000000e+00  0.000000e+00  
-1.01087  8.014431e+00  0.000000e+00  0.000000e+00  0.000000e+00  0.000000e+00  0.000000e+00  
-1.01043  8.119311e+00  0.000000e+00  0.000000e+00  0.000000e+00  0.000000e+00  0.000000e+00  
-1.00999  8.126100e+00  0.000000e+00  0.000000e+00  0.000000e+00  0.000000e+00  0.000000e+00  
-1.00955  8.126069e+00  0.000000e+00  0.000000e+00  0.000000e+00  0.000000e+00  0.000000e+00  
-1.00912  8.126038e+00  0.000000e+00  0.000000e+00  0.000000e+00  0.000000e+00  0.000000e+00  
-1.00868  8.126007e+00  0.000000e+00  0.000000e+00  0.000000e+00  0.000000e+00  0.000000e+00  
-1.00824  8.126411e+00  0.000000e+00  0.000000e+00  0.000000e+00  0.000000e+00  0.000000e+00  
-1.0078  8.239231e+00  0.000000e+00  0.000000e+00  0.000000e+00  0.000000e+00  0.000000e+00  
-1.00736  8.239199e+00  0.000000e+00  0.000000e+00  0.000000e+00  0.000000e+00  0.000000e+00  
-1.00693  8.239168e+00  0.000000e+00  0.000000e+00  0.000000e+00  0.000000e+00  0.000000e+00  
-1.00649  8.239137e+00  0.000000e+00  0.000000e+00  0.000000e+00  0.000000e+00  0.000000e+00  
-1.00606  8.239106e+00  0.000000e+00  0.000000e+00  0.000000e+00  0.000000e+00  0.000000e+00  
-1.00562  8.239074e+00  0.000000e+00  0.000000e+00  0.000000e+00  0.000000e+00  0.000000e+00  
-1.00519  8.239043e+00  0.000000e+00  0.000000e+00  0.000000e+00  0.000000e+00  0.000000e+00  
-1.00475  8.251389e+00  0.000000e+00  0.000000e+00  0.000000e+00  0.000000e+00  0.000000e+00  
-1.00432  8.353842e+00  0.000000e+00  0.000000e+00  0.000000e+00  0.000000e+00  0.000000e+00  
-1.00388  8.353810e+00  0.000000e+00  0.000000e+00  0.000000e+00  0.000000e+00  0.000000e+00  
-1.00345  8.353778e+00  0.000000e+00  0.000000e+00  0.000000e+00  0.000000e+00  0.000000e+00  
-1.00302  8.353746e+00  0.000000e+00  0.000000e+00  0.000000e+00  0.000000e+00  0.000000e+00  
-1.00258  8.353714e+00  0.000000e+00  0.000000e+00  0.000000e+00  0.000000e+00  0.000000e+00  
-1.00215  8.353683e+00  0.000000e+00  0.000000e+00  0.000000e+00  0.000000e+00  0.000000e+00  
-1.00172  8.353651e+00  0.000000e+00  0.000000e+00  0.000000e+00  0.000000e+00  0.000000e+00  
-1.00129  8.378176e+00  0.000000e+00  0.000000e+00  0.000000e+00  0.000000e+00  0.000000e+00  
-1.00086  8.470047e+00  0.000000e+00  0.000000e+00  0.000000e+00  0.000000e+00  0.000000e+00  
-1.00043  8.470014e+00  0.000000e+00  0.000000e+00  0.000000e+00  0.000000e+00  0.000000e+00  