# Cross section (10^-38 cm^2/GeV) #
# log(energy in GeV)  nu_e      nu_mu      nu_tau      nu_e_bar      nu_mu_bar    nu_tau_bar #

-3.30103  0.000000e+00  0.000000e+00  0.000000e+00  0.000000e+00  0.000000e+00  0.000000e+00  
-3.22264  0.000000e+00  0.000000e+00  0.000000e+00  0.000000e+00  0.000000e+00  0.000000e+00  
-3.15626  0.000000e+00  0.000000e+00  0.000000e+00  0.000000e+00  0.000000e+00  0.000000e+00  
-3.09869  0.000000e+00  0.000000e+00  0.000000e+00  0.000000e+00  0.000000e+00  0.000000e+00  
-3.04787  0.000000e+00  0.000000e+00  0.000000e+00  0.000000e+00  0.000000e+00  0.000000e+00  
-3.00238  0.000000e+00  0.000000e+00  0.000000e+00  0.000000e+00  0.000000e+00  0.000000e+00  
-2.96121  0.000000e+00  0.000000e+00  0.000000e+00  0.000000e+00  0.000000e+00  0.000000e+00  
-2.9236  0.000000e+00  0.000000e+00  0.000000e+00  0.000000e+00  0.000000e+00  0.000000e+00  
-2.88899  0.000000e+00  0.000000e+00  0.000000e+00  0.000000e+00  0.000000e+00  0.000000e+00  
-2.85694  0.000000e+00  0.000000e+00  0.000000e+00  0.000000e+00  0.000000e+00  0.000000e+00  
-2.82709  0.000000e+00  0.000000e+00  0.000000e+00  0.000000e+00  0.000000e+00  0.000000e+00  
-2.79916  0.000000e+00  0.000000e+00  0.000000e+00  0.000000e+00  0.000000e+00  0.000000e+00  
-2.77292  0.000000e+00  0.000000e+00  0.000000e+00  0.000000e+00  0.000000e+00  0.000000e+00  
-2.74817  0.000000e+00  0.000000e+00  0.000000e+00  0.000000e+00  0.000000e+00  0.000000e+00  
-2.72476  0.000000e+00  0.000000e+00  0.000000e+00  0.000000e+00  0.000000e+00  0.000000e+00  
-2.70255  0.000000e+00  0.000000e+00  0.000000e+00  0.000000e+00  0.000000e+00  0.000000e+00  
-2.68141  0.000000e+00  0.000000e+00  0.000000e+00  0.000000e+00  0.000000e+00  0.000000e+00  
-2.66126  0.000000e+00  0.000000e+00  0.000000e+00  0.000000e+00  0.000000e+00  0.000000e+00  
-2.642  0.000000e+00  0.000000e+00  0.000000e+00  0.000000e+00  0.000000e+00  0.000000e+00  
-2.62356  0.000000e+00  0.000000e+00  0.000000e+00  0.000000e+00  0.000000e+00  0.000000e+00  
-2.60588  0.000000e+00  0.000000e+00  0.000000e+00  0.000000e+00  0.000000e+00  0.000000e+00  
-2.58888  0.000000e+00  0.000000e+00  0.000000e+00  0.000000e+00  0.000000e+00  0.000000e+00  
-2.57252  0.000000e+00  0.000000e+00  0.000000e+00  0.000000e+00  0.000000e+00  0.000000e+00  
-2.55676  0.000000e+00  0.000000e+00  0.000000e+00  0.000000e+00  0.000000e+00  0.000000e+00  
-2.54155  0.000000e+00  0.000000e+00  0.000000e+00  0.000000e+00  0.000000e+00  0.000000e+00  
-2.52685  0.000000e+00  0.000000e+00  0.000000e+00  0.000000e+00  0.000000e+00  0.000000e+00  
-2.51264  0.000000e+00  0.000000e+00  0.000000e+00  0.000000e+00  0.000000e+00  0.000000e+00  
-2.49888  0.000000e+00  0.000000e+00  0.000000e+00  0.000000e+00  0.000000e+00  0.000000e+00  
-2.48553  0.000000e+00  0.000000e+00  0.000000e+00  0.000000e+00  0.000000e+00  0.000000e+00  
-2.47259  0.000000e+00  0.000000e+00  0.000000e+00  0.000000e+00  0.000000e+00  0.000000e+00  
-2.46002  0.000000e+00  0.000000e+00  0.000000e+00  0.000000e+00  0.000000e+00  0.000000e+00  
-2.44781  0.000000e+00  0.000000e+00  0.000000e+00  0.000000e+00  0.000000e+00  0.000000e+00  
-2.43592  0.000000e+00  0.000000e+00  0.000000e+00  0.000000e+00  0.000000e+00  0.000000e+00  
-2.42436  0.000000e+00  0.000000e+00  0.000000e+00  0.000000e+00  0.000000e+00  0.000000e+00  
-2.4131  0.000000e+00  0.000000e+00  0.000000e+00  0.000000e+00  0.000000e+00  0.000000e+00  
-2.40212  0.000000e+00  0.000000e+00  0.000000e+00  0.000000e+00  0.000000e+00  0.000000e+00  
-2.39141  0.000000e+00  0.000000e+00  0.000000e+00  0.000000e+00  0.000000e+00  0.000000e+00  
-2.38095  0.000000e+00  0.000000e+00  0.000000e+00  0.000000e+00  0.000000e+00  0.000000e+00  
-2.37075  0.000000e+00  0.000000e+00  0.000000e+00  0.000000e+00  0.000000e+00  0.000000e+00  
-2.36078  0.000000e+00  0.000000e+00  0.000000e+00  0.000000e+00  0.000000e+00  0.000000e+00  
-2.35103  0.000000e+00  0.000000e+00  0.000000e+00  0.000000e+00  0.000000e+00  0.000000e+00  
-2.3415  0.000000e+00  0.000000e+00  0.000000e+00  0.000000e+00  0.000000e+00  0.000000e+00  
-2.33217  0.000000e+00  0.000000e+00  0.000000e+00  0.000000e+00  0.000000e+00  0.000000e+00  
-2.32303  0.000000e+00  0.000000e+00  0.000000e+00  0.000000e+00  0.000000e+00  0.000000e+00  
-2.31409  0.000000e+00  0.000000e+00  0.000000e+00  0.000000e+00  0.000000e+00  0.000000e+00  
-2.30533  0.000000e+00  0.000000e+00  0.000000e+00  0.000000e+00  0.000000e+00  0.000000e+00  
-2.29673  0.000000e+00  0.000000e+00  0.000000e+00  0.000000e+00  0.000000e+00  0.000000e+00  
-2.28831  0.000000e+00  0.000000e+00  0.000000e+00  0.000000e+00  0.000000e+00  0.000000e+00  
-2.28005  0.000000e+00  0.000000e+00  0.000000e+00  0.000000e+00  0.000000e+00  0.000000e+00  
-2.27194  0.000000e+00  0.000000e+00  0.000000e+00  0.000000e+00  0.000000e+00  0.000000e+00  
-2.26398  0.000000e+00  0.000000e+00  0.000000e+00  0.000000e+00  0.000000e+00  0.000000e+00  
-2.25616  0.000000e+00  0.000000e+00  0.000000e+00  0.000000e+00  0.000000e+00  0.000000e+00  
-2.24848  0.000000e+00  0.000000e+00  0.000000e+00  0.000000e+00  0.000000e+00  0.000000e+00  
-2.24093  0.000000e+00  0.000000e+00  0.000000e+00  0.000000e+00  0.000000e+00  0.000000e+00  
-2.23352  0.000000e+00  0.000000e+00  0.000000e+00  0.000000e+00  0.000000e+00  0.000000e+00  
-2.22622  0.000000e+00  0.000000e+00  0.000000e+00  0.000000e+00  0.000000e+00  0.000000e+00  
-2.21905  0.000000e+00  0.000000e+00  0.000000e+00  0.000000e+00  0.000000e+00  0.000000e+00  
-2.212  0.000000e+00  0.000000e+00  0.000000e+00  0.000000e+00  0.000000e+00  0.000000e+00  
-2.20505  0.000000e+00  0.000000e+00  0.000000e+00  0.000000e+00  0.000000e+00  0.000000e+00  
-2.19822  0.000000e+00  0.000000e+00  0.000000e+00  0.000000e+00  0.000000e+00  0.000000e+00  
-2.19149  0.000000e+00  0.000000e+00  0.000000e+00  0.000000e+00  0.000000e+00  0.000000e+00  
-2.18487  0.000000e+00  0.000000e+00  0.000000e+00  0.000000e+00  0.000000e+00  0.000000e+00  
-2.17834  0.000000e+00  0.000000e+00  0.000000e+00  0.000000e+00  0.000000e+00  0.000000e+00  
-2.17191  0.000000e+00  0.000000e+00  0.000000e+00  0.000000e+00  0.000000e+00  0.000000e+00  
-2.16558  0.000000e+00  0.000000e+00  0.000000e+00  0.000000e+00  0.000000e+00  0.000000e+00  
-2.15933  0.000000e+00  0.000000e+00  0.000000e+00  0.000000e+00  0.000000e+00  0.000000e+00  
-2.15318  0.000000e+00  0.000000e+00  0.000000e+00  0.000000e+00  0.000000e+00  0.000000e+00  
-2.14711  0.000000e+00  0.000000e+00  0.000000e+00  0.000000e+00  0.000000e+00  0.000000e+00  
-2.14112  0.000000e+00  0.000000e+00  0.000000e+00  0.000000e+00  0.000000e+00  0.000000e+00  
-2.13522  0.000000e+00  0.000000e+00  0.000000e+00  0.000000e+00  0.000000e+00  0.000000e+00  
-2.12939  0.000000e+00  0.000000e+00  0.000000e+00  0.000000e+00  0.000000e+00  0.000000e+00  
-2.12365  0.000000e+00  0.000000e+00  0.000000e+00  0.000000e+00  0.000000e+00  0.000000e+00  
-2.11797  0.000000e+00  0.000000e+00  0.000000e+00  0.000000e+00  0.000000e+00  0.000000e+00  
-2.11237  0.000000e+00  0.000000e+00  0.000000e+00  0.000000e+00  0.000000e+00  0.000000e+00  
-2.10684  0.000000e+00  0.000000e+00  0.000000e+00  0.000000e+00  0.000000e+00  0.000000e+00  
-2.10138  0.000000e+00  0.000000e+00  0.000000e+00  0.000000e+00  0.000000e+00  0.000000e+00  
-2.09599  0.000000e+00  0.000000e+00  0.000000e+00  0.000000e+00  0.000000e+00  0.000000e+00  
-2.09067  0.000000e+00  0.000000e+00  0.000000e+00  0.000000e+00  0.000000e+00  0.000000e+00  
-2.08541  0.000000e+00  0.000000e+00  0.000000e+00  0.000000e+00  0.000000e+00  0.000000e+00  
-2.08021  0.000000e+00  0.000000e+00  0.000000e+00  0.000000e+00  0.000000e+00  0.000000e+00  
-2.07507  0.000000e+00  0.000000e+00  0.000000e+00  0.000000e+00  0.000000e+00  0.000000e+00  
-2.07  0.000000e+00  0.000000e+00  0.000000e+00  0.000000e+00  0.000000e+00  0.000000e+00  
-2.06498  0.000000e+00  0.000000e+00  0.000000e+00  0.000000e+00  0.000000e+00  0.000000e+00  
-2.06002  0.000000e+00  0.000000e+00  0.000000e+00  0.000000e+00  0.000000e+00  0.000000e+00  
-2.05512  0.000000e+00  0.000000e+00  0.000000e+00  0.000000e+00  0.000000e+00  0.000000e+00  
-2.05027  0.000000e+00  0.000000e+00  0.000000e+00  0.000000e+00  0.000000e+00  0.000000e+00  
-2.04547  0.000000e+00  0.000000e+00  0.000000e+00  0.000000e+00  0.000000e+00  0.000000e+00  
-2.04073  0.000000e+00  0.000000e+00  0.000000e+00  0.000000e+00  0.000000e+00  0.000000e+00  
-2.03603  0.000000e+00  0.000000e+00  0.000000e+00  0.000000e+00  0.000000e+00  0.000000e+00  
-2.03139  0.000000e+00  0.000000e+00  0.000000e+00  0.000000e+00  0.000000e+00  0.000000e+00  
-2.0268  0.000000e+00  0.000000e+00  0.000000e+00  0.000000e+00  0.000000e+00  0.000000e+00  
-2.02225  0.000000e+00  0.000000e+00  0.000000e+00  0.000000e+00  0.000000e+00  0.000000e+00  
-2.01776  0.000000e+00  0.000000e+00  0.000000e+00  0.000000e+00  0.000000e+00  0.000000e+00  
-2.0133  0.000000e+00  0.000000e+00  0.000000e+00  0.000000e+00  0.000000e+00  0.000000e+00  
-2.0089  0.000000e+00  0.000000e+00  0.000000e+00  0.000000e+00  0.000000e+00  0.000000e+00  
-2.00453  0.000000e+00  0.000000e+00  0.000000e+00  0.000000e+00  0.000000e+00  0.000000e+00  
-2.00022  1.947464e-03  0.000000e+00  0.000000e+00  0.000000e+00  0.000000e+00  0.000000e+00  
-1.99594  2.023579e-03  0.000000e+00  0.000000e+00  0.000000e+00  0.000000e+00  0.000000e+00  
-1.9917  2.089429e-03  0.000000e+00  0.000000e+00  0.000000e+00  0.000000e+00  0.000000e+00  
-1.98751  2.148520e-03  0.000000e+00  0.000000e+00  0.000000e+00  0.000000e+00  0.000000e+00  
-1.98336  2.233129e-03  0.000000e+00  0.000000e+00  0.000000e+00  0.000000e+00  0.000000e+00  
-1.97924  2.329064e-03  0.000000e+00  0.000000e+00  0.000000e+00  0.000000e+00  0.000000e+00  
-1.97517  2.429080e-03  0.000000e+00  0.000000e+00  0.000000e+00  0.000000e+00  0.000000e+00  
-1.97113  2.533444e-03  0.000000e+00  0.000000e+00  0.000000e+00  0.000000e+00  0.000000e+00  
-1.96713  2.642427e-03  0.000000e+00  0.000000e+00  0.000000e+00  0.000000e+00  0.000000e+00  
-1.96316  2.755933e-03  0.000000e+00  0.000000e+00  0.000000e+00  0.000000e+00  0.000000e+00  
-1.95924  2.874326e-03  0.000000e+00  0.000000e+00  0.000000e+00  0.000000e+00  0.000000e+00  
-1.95534  2.997793e-03  0.000000e+00  0.000000e+00  0.000000e+00  0.000000e+00  0.000000e+00  
-1.95148  3.113228e-03  0.000000e+00  0.000000e+00  0.000000e+00  0.000000e+00  0.000000e+00  
-1.94766  3.224337e-03  0.000000e+00  0.000000e+00  0.000000e+00  0.000000e+00  0.000000e+00  
-1.94387  3.354246e-03  0.000000e+00  0.000000e+00  0.000000e+00  0.000000e+00  0.000000e+00  
-1.94011  3.482608e-03  0.000000e+00  0.000000e+00  0.000000e+00  0.000000e+00  0.000000e+00  
-1.93638  3.606814e-03  0.000000e+00  0.000000e+00  0.000000e+00  0.000000e+00  0.000000e+00  
-1.93269  3.753169e-03  0.000000e+00  0.000000e+00  0.000000e+00  0.000000e+00  0.000000e+00  
-1.92903  3.895667e-03  0.000000e+00  0.000000e+00  0.000000e+00  0.000000e+00  0.000000e+00  
-1.92539  4.034623e-03  0.000000e+00  0.000000e+00  0.000000e+00  0.000000e+00  0.000000e+00  
-1.92179  4.199333e-03  0.000000e+00  0.000000e+00  0.000000e+00  0.000000e+00  0.000000e+00  
-1.91822  4.357519e-03  0.000000e+00  0.000000e+00  0.000000e+00  0.000000e+00  0.000000e+00  
-1.91467  4.513135e-03  0.000000e+00  0.000000e+00  0.000000e+00  0.000000e+00  0.000000e+00  
-1.91116  4.674064e-03  0.000000e+00  0.000000e+00  0.000000e+00  0.000000e+00  0.000000e+00  
-1.90767  4.815255e-03  0.000000e+00  0.000000e+00  0.000000e+00  0.000000e+00  0.000000e+00  
-1.90421  4.979106e-03  0.000000e+00  0.000000e+00  0.000000e+00  0.000000e+00  0.000000e+00  
-1.90078  5.156497e-03  0.000000e+00  0.000000e+00  0.000000e+00  0.000000e+00  0.000000e+00  
-1.89738  5.340605e-03  0.000000e+00  0.000000e+00  0.000000e+00  0.000000e+00  0.000000e+00  
-1.894  5.530811e-03  0.000000e+00  0.000000e+00  0.000000e+00  0.000000e+00  0.000000e+00  
-1.89065  5.728555e-03  0.000000e+00  0.000000e+00  0.000000e+00  0.000000e+00  0.000000e+00  
-1.88732  5.932781e-03  0.000000e+00  0.000000e+00  0.000000e+00  0.000000e+00  0.000000e+00  
-1.88402  6.107907e-03  0.000000e+00  0.000000e+00  0.000000e+00  0.000000e+00  0.000000e+00  
-1.88074  6.281731e-03  0.000000e+00  0.000000e+00  0.000000e+00  0.000000e+00  0.000000e+00  
-1.87749  6.499914e-03  0.000000e+00  0.000000e+00  0.000000e+00  0.000000e+00  0.000000e+00  
-1.87426  6.731739e-03  0.000000e+00  0.000000e+00  0.000000e+00  0.000000e+00  0.000000e+00  
-1.87106  6.928337e-03  0.000000e+00  0.000000e+00  0.000000e+00  0.000000e+00  0.000000e+00  
-1.86788  7.125428e-03  0.000000e+00  0.000000e+00  0.000000e+00  0.000000e+00  0.000000e+00  
-1.86472  7.327975e-03  0.000000e+00  0.000000e+00  0.000000e+00  0.000000e+00  0.000000e+00  
-1.86159  7.536433e-03  0.000000e+00  0.000000e+00  0.000000e+00  0.000000e+00  0.000000e+00  
-1.85848  7.802396e-03  0.000000e+00  0.000000e+00  0.000000e+00  0.000000e+00  0.000000e+00  
-1.85539  8.080510e-03  0.000000e+00  0.000000e+00  0.000000e+00  0.000000e+00  0.000000e+00  
-1.85232  8.311942e-03  0.000000e+00  0.000000e+00  0.000000e+00  0.000000e+00  0.000000e+00  
-1.84927  8.548459e-03  0.000000e+00  0.000000e+00  0.000000e+00  0.000000e+00  0.000000e+00  
-1.84625  8.791452e-03  0.000000e+00  0.000000e+00  0.000000e+00  0.000000e+00  0.000000e+00  
-1.84324  9.041582e-03  0.000000e+00  0.000000e+00  0.000000e+00  0.000000e+00  0.000000e+00  
-1.84026  9.298891e-03  0.000000e+00  0.000000e+00  0.000000e+00  0.000000e+00  0.000000e+00  
-1.83729  9.563225e-03  0.000000e+00  0.000000e+00  0.000000e+00  0.000000e+00  0.000000e+00  
-1.83435  9.835413e-03  0.000000e+00  0.000000e+00  0.000000e+00  0.000000e+00  0.000000e+00  
-1.83143  1.011504e-02  0.000000e+00  0.000000e+00  0.000000e+00  0.000000e+00  0.000000e+00  
-1.82852  1.040277e-02  0.000000e+00  0.000000e+00  0.000000e+00  0.000000e+00  0.000000e+00  
-1.82564  1.069890e-02  0.000000e+00  0.000000e+00  0.000000e+00  0.000000e+00  0.000000e+00  
-1.82277  1.100309e-02  0.000000e+00  0.000000e+00  0.000000e+00  0.000000e+00  0.000000e+00  
-1.81993  1.131617e-02  0.000000e+00  0.000000e+00  0.000000e+00  0.000000e+00  0.000000e+00  
-1.8171  1.163791e-02  0.000000e+00  0.000000e+00  0.000000e+00  0.000000e+00  0.000000e+00  
-1.81429  1.195643e-02  0.000000e+00  0.000000e+00  0.000000e+00  0.000000e+00  0.000000e+00  
-1.8115  1.221049e-02  0.000000e+00  0.000000e+00  0.000000e+00  0.000000e+00  0.000000e+00  
-1.80872  1.248559e-02  0.000000e+00  0.000000e+00  0.000000e+00  0.000000e+00  0.000000e+00  
-1.80597  1.284081e-02  0.000000e+00  0.000000e+00  0.000000e+00  0.000000e+00  0.000000e+00  
-1.80323  1.320597e-02  0.000000e+00  0.000000e+00  0.000000e+00  0.000000e+00  0.000000e+00  
-1.8005  1.358178e-02  0.000000e+00  0.000000e+00  0.000000e+00  0.000000e+00  0.000000e+00  
-1.7978  1.396817e-02  0.000000e+00  0.000000e+00  0.000000e+00  0.000000e+00  0.000000e+00  
-1.79511  1.434097e-02  0.000000e+00  0.000000e+00  0.000000e+00  0.000000e+00  0.000000e+00  
-1.79244  1.464565e-02  0.000000e+00  0.000000e+00  0.000000e+00  0.000000e+00  0.000000e+00  
-1.78978  1.498522e-02  0.000000e+00  0.000000e+00  0.000000e+00  0.000000e+00  0.000000e+00  
-1.78715  1.541168e-02  0.000000e+00  0.000000e+00  0.000000e+00  0.000000e+00  0.000000e+00  
-1.78452  1.581731e-02  0.000000e+00  0.000000e+00  0.000000e+00  0.000000e+00  0.000000e+00  
-1.78191  1.615328e-02  0.000000e+00  0.000000e+00  0.000000e+00  0.000000e+00  0.000000e+00  
-1.77932  1.653398e-02  0.000000e+00  0.000000e+00  0.000000e+00  0.000000e+00  0.000000e+00  
-1.77675  1.696450e-02  0.000000e+00  0.000000e+00  0.000000e+00  0.000000e+00  0.000000e+00  
-1.77418  1.732515e-02  0.000000e+00  0.000000e+00  0.000000e+00  0.000000e+00  0.000000e+00  
-1.77164  1.773815e-02  0.000000e+00  0.000000e+00  0.000000e+00  0.000000e+00  0.000000e+00  
-1.76911  1.824257e-02  0.000000e+00  0.000000e+00  0.000000e+00  0.000000e+00  0.000000e+00  
-1.76659  1.871094e-02  0.000000e+00  0.000000e+00  0.000000e+00  0.000000e+00  0.000000e+00  
-1.76409  1.910844e-02  0.000000e+00  0.000000e+00  0.000000e+00  0.000000e+00  0.000000e+00  
-1.7616  1.951486e-02  0.000000e+00  0.000000e+00  0.000000e+00  0.000000e+00  0.000000e+00  
-1.75913  1.992958e-02  0.000000e+00  0.000000e+00  0.000000e+00  0.000000e+00  0.000000e+00  
-1.75667  2.041559e-02  0.000000e+00  0.000000e+00  0.000000e+00  0.000000e+00  0.000000e+00  
-1.75422  2.093022e-02  0.000000e+00  0.000000e+00  0.000000e+00  0.000000e+00  0.000000e+00  
-1.75179  2.137503e-02  0.000000e+00  0.000000e+00  0.000000e+00  0.000000e+00  0.000000e+00  
-1.74937  2.182975e-02  0.000000e+00  0.000000e+00  0.000000e+00  0.000000e+00  0.000000e+00  
-1.74696  2.229371e-02  0.000000e+00  0.000000e+00  0.000000e+00  0.000000e+00  0.000000e+00  
-1.74457  2.284739e-02  0.000000e+00  0.000000e+00  0.000000e+00  0.000000e+00  0.000000e+00  
-1.74219  2.341268e-02  0.000000e+00  0.000000e+00  0.000000e+00  0.000000e+00  0.000000e+00  
-1.73983  2.391030e-02  0.000000e+00  0.000000e+00  0.000000e+00  0.000000e+00  0.000000e+00  
-1.73747  2.441840e-02  0.000000e+00  0.000000e+00  0.000000e+00  0.000000e+00  0.000000e+00  
-1.73513  2.493748e-02  0.000000e+00  0.000000e+00  0.000000e+00  0.000000e+00  0.000000e+00  
-1.7328  2.546802e-02  0.000000e+00  0.000000e+00  0.000000e+00  0.000000e+00  0.000000e+00  
-1.73049  2.600928e-02  0.000000e+00  0.000000e+00  0.000000e+00  0.000000e+00  0.000000e+00  
-1.72819  2.656168e-02  0.000000e+00  0.000000e+00  0.000000e+00  0.000000e+00  0.000000e+00  
-1.72589  2.712626e-02  0.000000e+00  0.000000e+00  0.000000e+00  0.000000e+00  0.000000e+00  
-1.72362  2.770274e-02  0.000000e+00  0.000000e+00  0.000000e+00  0.000000e+00  0.000000e+00  
-1.72135  2.829198e-02  0.000000e+00  0.000000e+00  0.000000e+00  0.000000e+00  0.000000e+00  
-1.71909  2.889290e-02  0.000000e+00  0.000000e+00  0.000000e+00  0.000000e+00  0.000000e+00  
-1.71685  2.950730e-02  0.000000e+00  0.000000e+00  0.000000e+00  0.000000e+00  0.000000e+00  
-1.71462  3.013415e-02  0.000000e+00  0.000000e+00  0.000000e+00  0.000000e+00  0.000000e+00  
-1.7124  3.062889e-02  0.000000e+00  0.000000e+00  0.000000e+00  0.000000e+00  0.000000e+00  
-1.71019  3.121246e-02  0.000000e+00  0.000000e+00  0.000000e+00  0.000000e+00  0.000000e+00  
-1.70799  3.187537e-02  0.000000e+00  0.000000e+00  0.000000e+00  0.000000e+00  0.000000e+00  
-1.7058  3.255382e-02  0.000000e+00  0.000000e+00  0.000000e+00  0.000000e+00  0.000000e+00  
-1.70362  3.324483e-02  0.000000e+00  0.000000e+00  0.000000e+00  0.000000e+00  0.000000e+00  
-1.70146  3.377589e-02  0.000000e+00  0.000000e+00  0.000000e+00  0.000000e+00  0.000000e+00  
-1.6993  3.443461e-02  0.000000e+00  0.000000e+00  0.000000e+00  0.000000e+00  0.000000e+00  
-1.69716  3.516561e-02  0.000000e+00  0.000000e+00  0.000000e+00  0.000000e+00  0.000000e+00  
-1.69503  3.591365e-02  0.000000e+00  0.000000e+00  0.000000e+00  0.000000e+00  0.000000e+00  
-1.6929  3.667614e-02  0.000000e+00  0.000000e+00  0.000000e+00  0.000000e+00  0.000000e+00  
-1.69079  3.724535e-02  0.000000e+00  0.000000e+00  0.000000e+00  0.000000e+00  0.000000e+00  
-1.68869  3.798888e-02  0.000000e+00  0.000000e+00  0.000000e+00  0.000000e+00  0.000000e+00  
-1.6866  3.879601e-02  0.000000e+00  0.000000e+00  0.000000e+00  0.000000e+00  0.000000e+00  
-1.68451  3.938695e-02  0.000000e+00  0.000000e+00  0.000000e+00  0.000000e+00  0.000000e+00  
-1.68244  4.018330e-02  0.000000e+00  0.000000e+00  0.000000e+00  0.000000e+00  0.000000e+00  
-1.68038  4.103667e-02  0.000000e+00  0.000000e+00  0.000000e+00  0.000000e+00  0.000000e+00  
-1.67833  4.165160e-02  0.000000e+00  0.000000e+00  0.000000e+00  0.000000e+00  0.000000e+00  
-1.67628  4.250519e-02  0.000000e+00  0.000000e+00  0.000000e+00  0.000000e+00  0.000000e+00  
-1.67425  4.340804e-02  0.000000e+00  0.000000e+00  0.000000e+00  0.000000e+00  0.000000e+00  
-1.67222  4.404602e-02  0.000000e+00  0.000000e+00  0.000000e+00  0.000000e+00  0.000000e+00  
-1.67021  4.466812e-02  0.000000e+00  0.000000e+00  0.000000e+00  0.000000e+00  0.000000e+00  
-1.6682  4.560030e-02  0.000000e+00  0.000000e+00  0.000000e+00  0.000000e+00  0.000000e+00  
-1.66621  4.656790e-02  0.000000e+00  0.000000e+00  0.000000e+00  0.000000e+00  0.000000e+00  
-1.66422  4.723640e-02  0.000000e+00  0.000000e+00  0.000000e+00  0.000000e+00  0.000000e+00  
-1.66224  4.823427e-02  0.000000e+00  0.000000e+00  0.000000e+00  0.000000e+00  0.000000e+00  
-1.66027  4.925680e-02  0.000000e+00  0.000000e+00  0.000000e+00  0.000000e+00  0.000000e+00  
-1.65831  4.995264e-02  0.000000e+00  0.000000e+00  0.000000e+00  0.000000e+00  0.000000e+00  
-1.65636  5.065760e-02  0.000000e+00  0.000000e+00  0.000000e+00  0.000000e+00  0.000000e+00  
-1.65442  5.138931e-02  0.000000e+00  0.000000e+00  0.000000e+00  0.000000e+00  0.000000e+00  
-1.65249  5.248229e-02  0.000000e+00  0.000000e+00  0.000000e+00  0.000000e+00  0.000000e+00  
-1.65056  5.357079e-02  0.000000e+00  0.000000e+00  0.000000e+00  0.000000e+00  0.000000e+00  
-1.64864  5.432749e-02  0.000000e+00  0.000000e+00  0.000000e+00  0.000000e+00  0.000000e+00  
-1.64673  5.513150e-02  0.000000e+00  0.000000e+00  0.000000e+00  0.000000e+00  0.000000e+00  
-1.64483  5.630480e-02  0.000000e+00  0.000000e+00  0.000000e+00  0.000000e+00  0.000000e+00  
-1.64294  5.745081e-02  0.000000e+00  0.000000e+00  0.000000e+00  0.000000e+00  0.000000e+00  
-1.64106  5.826243e-02  0.000000e+00  0.000000e+00  0.000000e+00  0.000000e+00  0.000000e+00  
-1.63918  5.908528e-02  0.000000e+00  0.000000e+00  0.000000e+00  0.000000e+00  0.000000e+00  
-1.63732  5.991920e-02  0.000000e+00  0.000000e+00  0.000000e+00  0.000000e+00  0.000000e+00  
-1.63546  6.084000e-02  0.000000e+00  0.000000e+00  0.000000e+00  0.000000e+00  0.000000e+00  
-1.6336  6.213382e-02  0.000000e+00  0.000000e+00  0.000000e+00  0.000000e+00  0.000000e+00  
-1.63176  6.336491e-02  0.000000e+00  0.000000e+00  0.000000e+00  0.000000e+00  0.000000e+00  
-1.62993  6.425975e-02  0.000000e+00  0.000000e+00  0.000000e+00  0.000000e+00  0.000000e+00  
-1.6281  6.516683e-02  0.000000e+00  0.000000e+00  0.000000e+00  0.000000e+00  0.000000e+00  
-1.62628  6.608707e-02  0.000000e+00  0.000000e+00  0.000000e+00  0.000000e+00  0.000000e+00  
-1.62446  6.701994e-02  0.000000e+00  0.000000e+00  0.000000e+00  0.000000e+00  0.000000e+00  
-1.62266  6.796638e-02  0.000000e+00  0.000000e+00  0.000000e+00  0.000000e+00  0.000000e+00  
-1.62086  6.906026e-02  0.000000e+00  0.000000e+00  0.000000e+00  0.000000e+00  0.000000e+00  
-1.61907  7.052961e-02  0.000000e+00  0.000000e+00  0.000000e+00  0.000000e+00  0.000000e+00  
-1.61729  7.187477e-02  0.000000e+00  0.000000e+00  0.000000e+00  0.000000e+00  0.000000e+00  
-1.61551  7.288930e-02  0.000000e+00  0.000000e+00  0.000000e+00  0.000000e+00  0.000000e+00  
-1.61374  7.391856e-02  0.000000e+00  0.000000e+00  0.000000e+00  0.000000e+00  0.000000e+00  
-1.61198  7.496193e-02  0.000000e+00  0.000000e+00  0.000000e+00  0.000000e+00  0.000000e+00  
-1.61023  7.602083e-02  0.000000e+00  0.000000e+00  0.000000e+00  0.000000e+00  0.000000e+00  
-1.60848  7.709431e-02  0.000000e+00  0.000000e+00  0.000000e+00  0.000000e+00  0.000000e+00  
-1.60674  7.818255e-02  0.000000e+00  0.000000e+00  0.000000e+00  0.000000e+00  0.000000e+00  
-1.60501  7.928852e-02  0.000000e+00  0.000000e+00  0.000000e+00  0.000000e+00  0.000000e+00  
-1.60328  8.086878e-02  0.000000e+00  0.000000e+00  0.000000e+00  0.000000e+00  0.000000e+00  
-1.60156  8.267834e-02  0.000000e+00  0.000000e+00  0.000000e+00  0.000000e+00  0.000000e+00  
-1.59985  8.384572e-02  0.000000e+00  0.000000e+00  0.000000e+00  0.000000e+00  0.000000e+00  
-1.59814  8.502938e-02  0.000000e+00  0.000000e+00  0.000000e+00  0.000000e+00  0.000000e+00  
-1.59644  8.622988e-02  0.000000e+00  0.000000e+00  0.000000e+00  0.000000e+00  0.000000e+00  
-1.59475  8.744716e-02  0.000000e+00  0.000000e+00  0.000000e+00  0.000000e+00  0.000000e+00  
-1.59306  8.838471e-02  0.000000e+00  0.000000e+00  0.000000e+00  0.000000e+00  0.000000e+00  
-1.59138  8.931680e-02  0.000000e+00  0.000000e+00  0.000000e+00  0.000000e+00  0.000000e+00  
-1.58971  9.057716e-02  0.000000e+00  0.000000e+00  0.000000e+00  0.000000e+00  0.000000e+00  
-1.58804  9.219124e-02  0.000000e+00  0.000000e+00  0.000000e+00  0.000000e+00  0.000000e+00  
-1.58638  9.379766e-02  0.000000e+00  0.000000e+00  0.000000e+00  0.000000e+00  0.000000e+00  
-1.58473  9.512257e-02  0.000000e+00  0.000000e+00  0.000000e+00  0.000000e+00  0.000000e+00  
-1.58308  9.646539e-02  0.000000e+00  0.000000e+00  0.000000e+00  0.000000e+00  0.000000e+00  
-1.58144  9.743822e-02  0.000000e+00  0.000000e+00  0.000000e+00  0.000000e+00  0.000000e+00  
-1.5798  9.812285e-02  0.000000e+00  0.000000e+00  0.000000e+00  0.000000e+00  0.000000e+00  
-1.57817  9.922577e-02  0.000000e+00  0.000000e+00  0.000000e+00  0.000000e+00  0.000000e+00  
-1.57655  1.006274e-01  0.000000e+00  0.000000e+00  0.000000e+00  0.000000e+00  0.000000e+00  
-1.57493  1.020479e-01  0.000000e+00  0.000000e+00  0.000000e+00  0.000000e+00  0.000000e+00  
-1.57332  1.034897e-01  0.000000e+00  0.000000e+00  0.000000e+00  0.000000e+00  0.000000e+00  
-1.57172  1.054306e-01  0.000000e+00  0.000000e+00  0.000000e+00  0.000000e+00  0.000000e+00  
-1.57012  1.071743e-01  0.000000e+00  0.000000e+00  0.000000e+00  0.000000e+00  0.000000e+00  
-1.56852  1.086876e-01  0.000000e+00  0.000000e+00  0.000000e+00  0.000000e+00  0.000000e+00  
-1.56694  1.096904e-01  0.000000e+00  0.000000e+00  0.000000e+00  0.000000e+00  0.000000e+00  
-1.56535  1.110038e-01  0.000000e+00  0.000000e+00  0.000000e+00  0.000000e+00  0.000000e+00  
-1.56378  1.125706e-01  0.000000e+00  0.000000e+00  0.000000e+00  0.000000e+00  0.000000e+00  
-1.56221  1.141601e-01  0.000000e+00  0.000000e+00  0.000000e+00  0.000000e+00  0.000000e+00  
-1.56064  1.163757e-01  0.000000e+00  0.000000e+00  0.000000e+00  0.000000e+00  0.000000e+00  
-1.55908  1.182262e-01  0.000000e+00  0.000000e+00  0.000000e+00  0.000000e+00  0.000000e+00  
-1.55753  1.192531e-01  0.000000e+00  0.000000e+00  0.000000e+00  0.000000e+00  0.000000e+00  
-1.55598  1.207448e-01  0.000000e+00  0.000000e+00  0.000000e+00  0.000000e+00  0.000000e+00  
-1.55444  1.224498e-01  0.000000e+00  0.000000e+00  0.000000e+00  0.000000e+00  0.000000e+00  
-1.5529  1.227934e-01  0.000000e+00  0.000000e+00  0.000000e+00  0.000000e+00  0.000000e+00  
-1.55137  1.242005e-01  0.000000e+00  0.000000e+00  0.000000e+00  0.000000e+00  0.000000e+00  
-1.54985  1.259545e-01  0.000000e+00  0.000000e+00  0.000000e+00  0.000000e+00  0.000000e+00  
-1.54832  1.277335e-01  0.000000e+00  0.000000e+00  0.000000e+00  0.000000e+00  0.000000e+00  
-1.54681  1.303153e-01  0.000000e+00  0.000000e+00  0.000000e+00  0.000000e+00  0.000000e+00  
-1.5453  1.322811e-01  0.000000e+00  0.000000e+00  0.000000e+00  0.000000e+00  0.000000e+00  
-1.54379  1.333229e-01  0.000000e+00  0.000000e+00  0.000000e+00  0.000000e+00  0.000000e+00  
-1.54229  1.351006e-01  0.000000e+00  0.000000e+00  0.000000e+00  0.000000e+00  0.000000e+00  
-1.5408  1.370089e-01  0.000000e+00  0.000000e+00  0.000000e+00  0.000000e+00  0.000000e+00  
-1.53931  1.389421e-01  0.000000e+00  0.000000e+00  0.000000e+00  0.000000e+00  0.000000e+00  
-1.53783  1.390830e-01  0.000000e+00  0.000000e+00  0.000000e+00  0.000000e+00  0.000000e+00  
-1.53635  1.409281e-01  0.000000e+00  0.000000e+00  0.000000e+00  0.000000e+00  0.000000e+00  
-1.53487  1.429184e-01  0.000000e+00  0.000000e+00  0.000000e+00  0.000000e+00  0.000000e+00  
-1.5334  1.449350e-01  0.000000e+00  0.000000e+00  0.000000e+00  0.000000e+00  0.000000e+00  
-1.53194  1.469819e-01  0.000000e+00  0.000000e+00  0.000000e+00  0.000000e+00  0.000000e+00  
-1.53048  1.500950e-01  0.000000e+00  0.000000e+00  0.000000e+00  0.000000e+00  0.000000e+00  
-1.52902  1.521974e-01  0.000000e+00  0.000000e+00  0.000000e+00  0.000000e+00  0.000000e+00  
-1.52757  1.532970e-01  0.000000e+00  0.000000e+00  0.000000e+00  0.000000e+00  0.000000e+00  
-1.52613  1.553684e-01  0.000000e+00  0.000000e+00  0.000000e+00  0.000000e+00  0.000000e+00  
-1.52469  1.554886e-01  0.000000e+00  0.000000e+00  0.000000e+00  0.000000e+00  0.000000e+00  
-1.52325  1.576830e-01  0.000000e+00  0.000000e+00  0.000000e+00  0.000000e+00  0.000000e+00  
-1.52182  1.599105e-01  0.000000e+00  0.000000e+00  0.000000e+00  0.000000e+00  0.000000e+00  
-1.5204  1.621692e-01  0.000000e+00  0.000000e+00  0.000000e+00  0.000000e+00  0.000000e+00  
-1.51898  1.644578e-01  0.000000e+00  0.000000e+00  0.000000e+00  0.000000e+00  0.000000e+00  
-1.51756  1.667809e-01  0.000000e+00  0.000000e+00  0.000000e+00  0.000000e+00  0.000000e+00  
-1.51615  1.688215e-01  0.000000e+00  0.000000e+00  0.000000e+00  0.000000e+00  0.000000e+00  
-1.51474  1.691656e-01  0.000000e+00  0.000000e+00  0.000000e+00  0.000000e+00  0.000000e+00  
-1.51334  1.715549e-01  0.000000e+00  0.000000e+00  0.000000e+00  0.000000e+00  0.000000e+00  
-1.51194  1.739763e-01  0.000000e+00  0.000000e+00  0.000000e+00  0.000000e+00  0.000000e+00  
-1.51054  1.764334e-01  0.000000e+00  0.000000e+00  0.000000e+00  0.000000e+00  0.000000e+00  
-1.50915  1.789236e-01  0.000000e+00  0.000000e+00  0.000000e+00  0.000000e+00  0.000000e+00  
-1.50777  1.809180e-01  0.000000e+00  0.000000e+00  0.000000e+00  0.000000e+00  0.000000e+00  
-1.50639  1.814835e-01  0.000000e+00  0.000000e+00  0.000000e+00  0.000000e+00  0.000000e+00  
-1.50501  1.840452e-01  0.000000e+00  0.000000e+00  0.000000e+00  0.000000e+00  0.000000e+00  
-1.50364  1.866443e-01  0.000000e+00  0.000000e+00  0.000000e+00  0.000000e+00  0.000000e+00  
-1.50227  1.892788e-01  0.000000e+00  0.000000e+00  0.000000e+00  0.000000e+00  0.000000e+00  
-1.50091  1.912162e-01  0.000000e+00  0.000000e+00  0.000000e+00  0.000000e+00  0.000000e+00  
-1.49955  1.919866e-01  0.000000e+00  0.000000e+00  0.000000e+00  0.000000e+00  0.000000e+00  
-1.4982  1.946967e-01  0.000000e+00  0.000000e+00  0.000000e+00  0.000000e+00  0.000000e+00  
-1.49684  1.974462e-01  0.000000e+00  0.000000e+00  0.000000e+00  0.000000e+00  0.000000e+00  
-1.4955  2.002333e-01  0.000000e+00  0.000000e+00  0.000000e+00  0.000000e+00  0.000000e+00  
-1.49416  2.021006e-01  0.000000e+00  0.000000e+00  0.000000e+00  0.000000e+00  0.000000e+00  
-1.49282  2.030975e-01  0.000000e+00  0.000000e+00  0.000000e+00  0.000000e+00  0.000000e+00  
-1.49148  2.059645e-01  0.000000e+00  0.000000e+00  0.000000e+00  0.000000e+00  0.000000e+00  
-1.49015  2.088728e-01  0.000000e+00  0.000000e+00  0.000000e+00  0.000000e+00  0.000000e+00  
-1.48883  2.118214e-01  0.000000e+00  0.000000e+00  0.000000e+00  0.000000e+00  0.000000e+00  
-1.48751  2.136046e-01  0.000000e+00  0.000000e+00  0.000000e+00  0.000000e+00  0.000000e+00  
-1.48619  2.148513e-01  0.000000e+00  0.000000e+00  0.000000e+00  0.000000e+00  0.000000e+00  
-1.48487  2.178844e-01  0.000000e+00  0.000000e+00  0.000000e+00  0.000000e+00  0.000000e+00  
-1.48356  2.209607e-01  0.000000e+00  0.000000e+00  0.000000e+00  0.000000e+00  0.000000e+00  
-1.48226  2.226599e-01  0.000000e+00  0.000000e+00  0.000000e+00  0.000000e+00  0.000000e+00  
-1.48096  2.241208e-01  0.000000e+00  0.000000e+00  0.000000e+00  0.000000e+00  0.000000e+00  
-1.47966  2.272850e-01  0.000000e+00  0.000000e+00  0.000000e+00  0.000000e+00  0.000000e+00  
-1.47836  2.304937e-01  0.000000e+00  0.000000e+00  0.000000e+00  0.000000e+00  0.000000e+00  
-1.47707  2.320992e-01  0.000000e+00  0.000000e+00  0.000000e+00  0.000000e+00  0.000000e+00  
-1.47579  2.337887e-01  0.000000e+00  0.000000e+00  0.000000e+00  0.000000e+00  0.000000e+00  
-1.4745  2.370929e-01  0.000000e+00  0.000000e+00  0.000000e+00  0.000000e+00  0.000000e+00  
-1.47323  2.404397e-01  0.000000e+00  0.000000e+00  0.000000e+00  0.000000e+00  0.000000e+00  
-1.47195  2.419389e-01  0.000000e+00  0.000000e+00  0.000000e+00  0.000000e+00  0.000000e+00  
-1.47068  2.438765e-01  0.000000e+00  0.000000e+00  0.000000e+00  0.000000e+00  0.000000e+00  
-1.46941  2.473183e-01  0.000000e+00  0.000000e+00  0.000000e+00  0.000000e+00  0.000000e+00  
-1.46815  2.508117e-01  0.000000e+00  0.000000e+00  0.000000e+00  0.000000e+00  0.000000e+00  
-1.46689  2.521955e-01  0.000000e+00  0.000000e+00  0.000000e+00  0.000000e+00  0.000000e+00  
-1.46563  2.543969e-01  0.000000e+00  0.000000e+00  0.000000e+00  0.000000e+00  0.000000e+00  
-1.46438  2.579879e-01  0.000000e+00  0.000000e+00  0.000000e+00  0.000000e+00  0.000000e+00  
-1.46313  2.616329e-01  0.000000e+00  0.000000e+00  0.000000e+00  0.000000e+00  0.000000e+00  
-1.46188  2.628868e-01  0.000000e+00  0.000000e+00  0.000000e+00  0.000000e+00  0.000000e+00  
-1.46064  2.653704e-01  0.000000e+00  0.000000e+00  0.000000e+00  0.000000e+00  0.000000e+00  
-1.4594  2.691186e-01  0.000000e+00  0.000000e+00  0.000000e+00  0.000000e+00  0.000000e+00  
-1.45816  2.702648e-01  0.000000e+00  0.000000e+00  0.000000e+00  0.000000e+00  0.000000e+00  
-1.45693  2.729655e-01  0.000000e+00  0.000000e+00  0.000000e+00  0.000000e+00  0.000000e+00  
-1.4557  2.768182e-01  0.000000e+00  0.000000e+00  0.000000e+00  0.000000e+00  0.000000e+00  
-1.45448  2.807271e-01  0.000000e+00  0.000000e+00  0.000000e+00  0.000000e+00  0.000000e+00  
-1.45326  2.817223e-01  0.000000e+00  0.000000e+00  0.000000e+00  0.000000e+00  0.000000e+00  
-1.45204  2.847407e-01  0.000000e+00  0.000000e+00  0.000000e+00  0.000000e+00  0.000000e+00  
-1.45082  2.887617e-01  0.000000e+00  0.000000e+00  0.000000e+00  0.000000e+00  0.000000e+00  
-1.44961  2.896290e-01  0.000000e+00  0.000000e+00  0.000000e+00  0.000000e+00  0.000000e+00  
-1.44841  2.928890e-01  0.000000e+00  0.000000e+00  0.000000e+00  0.000000e+00  0.000000e+00  
-1.4472  2.970260e-01  0.000000e+00  0.000000e+00  0.000000e+00  0.000000e+00  0.000000e+00  
-1.446  2.977574e-01  0.000000e+00  0.000000e+00  0.000000e+00  0.000000e+00  0.000000e+00  
-1.4448  3.012720e-01  0.000000e+00  0.000000e+00  0.000000e+00  0.000000e+00  0.000000e+00  
-1.44361  3.055230e-01  0.000000e+00  0.000000e+00  0.000000e+00  0.000000e+00  0.000000e+00  
-1.44242  3.098376e-01  0.000000e+00  0.000000e+00  0.000000e+00  0.000000e+00  0.000000e+00  
-1.44123  3.103803e-01  0.000000e+00  0.000000e+00  0.000000e+00  0.000000e+00  0.000000e+00  
-1.44004  3.142667e-01  0.000000e+00  0.000000e+00  0.000000e+00  0.000000e+00  0.000000e+00  
-1.43886  3.187050e-01  0.000000e+00  0.000000e+00  0.000000e+00  0.000000e+00  0.000000e+00  
-1.43768  3.190912e-01  0.000000e+00  0.000000e+00  0.000000e+00  0.000000e+00  0.000000e+00  
-1.43651  3.232606e-01  0.000000e+00  0.000000e+00  0.000000e+00  0.000000e+00  0.000000e+00  
-1.43534  3.278260e-01  0.000000e+00  0.000000e+00  0.000000e+00  0.000000e+00  0.000000e+00  
-1.43417  3.280465e-01  0.000000e+00  0.000000e+00  0.000000e+00  0.000000e+00  0.000000e+00  
-1.433  3.325115e-01  0.000000e+00  0.000000e+00  0.000000e+00  0.000000e+00  0.000000e+00  
-1.43184  3.372032e-01  0.000000e+00  0.000000e+00  0.000000e+00  0.000000e+00  0.000000e+00  
-1.43068  3.372642e-01  0.000000e+00  0.000000e+00  0.000000e+00  0.000000e+00  0.000000e+00  
-1.42952  3.420285e-01  0.000000e+00  0.000000e+00  0.000000e+00  0.000000e+00  0.000000e+00  
-1.42837  3.467195e-01  0.000000e+00  0.000000e+00  0.000000e+00  0.000000e+00  0.000000e+00  
-1.42722  3.469184e-01  0.000000e+00  0.000000e+00  0.000000e+00  0.000000e+00  0.000000e+00  
-1.42607  3.518143e-01  0.000000e+00  0.000000e+00  0.000000e+00  0.000000e+00  0.000000e+00  
-1.42493  3.564502e-01  0.000000e+00  0.000000e+00  0.000000e+00  0.000000e+00  0.000000e+00  
-1.42379  3.568490e-01  0.000000e+00  0.000000e+00  0.000000e+00  0.000000e+00  0.000000e+00  
-1.42265  3.614166e-01  0.000000e+00  0.000000e+00  0.000000e+00  0.000000e+00  0.000000e+00  
-1.42151  3.619508e-01  0.000000e+00  0.000000e+00  0.000000e+00  0.000000e+00  0.000000e+00  
-1.42038  3.670591e-01  0.000000e+00  0.000000e+00  0.000000e+00  0.000000e+00  0.000000e+00  
-1.41925  3.715601e-01  0.000000e+00  0.000000e+00  0.000000e+00  0.000000e+00  0.000000e+00  
-1.41813  3.723114e-01  0.000000e+00  0.000000e+00  0.000000e+00  0.000000e+00  0.000000e+00  
-1.417  3.775662e-01  0.000000e+00  0.000000e+00  0.000000e+00  0.000000e+00  0.000000e+00  
-1.41588  3.819877e-01  0.000000e+00  0.000000e+00  0.000000e+00  0.000000e+00  0.000000e+00  
-1.41476  3.829641e-01  0.000000e+00  0.000000e+00  0.000000e+00  0.000000e+00  0.000000e+00  
-1.41365  3.883740e-01  0.000000e+00  0.000000e+00  0.000000e+00  0.000000e+00  0.000000e+00  
-1.41254  3.927084e-01  0.000000e+00  0.000000e+00  0.000000e+00  0.000000e+00  0.000000e+00  
-1.41143  3.939263e-01  0.000000e+00  0.000000e+00  0.000000e+00  0.000000e+00  0.000000e+00  
-1.41032  3.981801e-01  0.000000e+00  0.000000e+00  0.000000e+00  0.000000e+00  0.000000e+00  
-1.40922  3.995579e-01  0.000000e+00  0.000000e+00  0.000000e+00  0.000000e+00  0.000000e+00  
-1.40812  4.052022e-01  0.000000e+00  0.000000e+00  0.000000e+00  0.000000e+00  0.000000e+00  
-1.40702  4.093551e-01  0.000000e+00  0.000000e+00  0.000000e+00  0.000000e+00  0.000000e+00  
-1.40592  4.109950e-01  0.000000e+00  0.000000e+00  0.000000e+00  0.000000e+00  0.000000e+00  
-1.40483  4.167988e-01  0.000000e+00  0.000000e+00  0.000000e+00  0.000000e+00  0.000000e+00  
-1.40374  4.208437e-01  0.000000e+00  0.000000e+00  0.000000e+00  0.000000e+00  0.000000e+00  
-1.40265  4.227591e-01  0.000000e+00  0.000000e+00  0.000000e+00  0.000000e+00  0.000000e+00  
-1.40157  4.267075e-01  0.000000e+00  0.000000e+00  0.000000e+00  0.000000e+00  0.000000e+00  
-1.40049  4.288028e-01  0.000000e+00  0.000000e+00  0.000000e+00  0.000000e+00  0.000000e+00  
-1.39941  4.348577e-01  0.000000e+00  0.000000e+00  0.000000e+00  0.000000e+00  0.000000e+00  
-1.39833  4.386832e-01  0.000000e+00  0.000000e+00  0.000000e+00  0.000000e+00  0.000000e+00  
-1.39726  4.410742e-01  0.000000e+00  0.000000e+00  0.000000e+00  0.000000e+00  0.000000e+00  
-1.39619  4.447955e-01  0.000000e+00  0.000000e+00  0.000000e+00  0.000000e+00  0.000000e+00  
-1.39512  4.473821e-01  0.000000e+00  0.000000e+00  0.000000e+00  0.000000e+00  0.000000e+00  
-1.39406  4.536988e-01  0.000000e+00  0.000000e+00  0.000000e+00  0.000000e+00  0.000000e+00  
-1.39299  4.572787e-01  0.000000e+00  0.000000e+00  0.000000e+00  0.000000e+00  0.000000e+00  
-1.39193  4.601842e-01  0.000000e+00  0.000000e+00  0.000000e+00  0.000000e+00  0.000000e+00  
-1.39087  4.636502e-01  0.000000e+00  0.000000e+00  0.000000e+00  0.000000e+00  0.000000e+00  
-1.38982  4.667690e-01  0.000000e+00  0.000000e+00  0.000000e+00  0.000000e+00  0.000000e+00  
-1.38877  4.701104e-01  0.000000e+00  0.000000e+00  0.000000e+00  0.000000e+00  0.000000e+00  
-1.38772  4.734381e-01  0.000000e+00  0.000000e+00  0.000000e+00  0.000000e+00  0.000000e+00  
-1.38667  4.801221e-01  0.000000e+00  0.000000e+00  0.000000e+00  0.000000e+00  0.000000e+00  
-1.38562  4.833041e-01  0.000000e+00  0.000000e+00  0.000000e+00  0.000000e+00  0.000000e+00  
-1.38458  4.869889e-01  0.000000e+00  0.000000e+00  0.000000e+00  0.000000e+00  0.000000e+00  
-1.38354  4.900382e-01  0.000000e+00  0.000000e+00  0.000000e+00  0.000000e+00  0.000000e+00  
-1.3825  4.939543e-01  0.000000e+00  0.000000e+00  0.000000e+00  0.000000e+00  0.000000e+00  
-1.38147  5.009262e-01  0.000000e+00  0.000000e+00  0.000000e+00  0.000000e+00  0.000000e+00  
-1.38044  5.037913e-01  0.000000e+00  0.000000e+00  0.000000e+00  0.000000e+00  0.000000e+00  
-1.37941  5.080880e-01  0.000000e+00  0.000000e+00  0.000000e+00  0.000000e+00  0.000000e+00  
-1.37838  5.108108e-01  0.000000e+00  0.000000e+00  0.000000e+00  0.000000e+00  0.000000e+00  
-1.37735  5.153555e-01  0.000000e+00  0.000000e+00  0.000000e+00  0.000000e+00  0.000000e+00  
-1.37633  5.179282e-01  0.000000e+00  0.000000e+00  0.000000e+00  0.000000e+00  0.000000e+00  
-1.37531  5.227221e-01  0.000000e+00  0.000000e+00  0.000000e+00  0.000000e+00  0.000000e+00  
-1.37429  5.301030e-01  0.000000e+00  0.000000e+00  0.000000e+00  0.000000e+00  0.000000e+00  
-1.37328  5.324639e-01  0.000000e+00  0.000000e+00  0.000000e+00  0.000000e+00  0.000000e+00  
-1.37226  5.376780e-01  0.000000e+00  0.000000e+00  0.000000e+00  0.000000e+00  0.000000e+00  
-1.37125  5.398830e-01  0.000000e+00  0.000000e+00  0.000000e+00  0.000000e+00  0.000000e+00  
-1.37024  5.453691e-01  0.000000e+00  0.000000e+00  0.000000e+00  0.000000e+00  0.000000e+00  
-1.36924  5.474055e-01  0.000000e+00  0.000000e+00  0.000000e+00  0.000000e+00  0.000000e+00  
-1.36823  5.531667e-01  0.000000e+00  0.000000e+00  0.000000e+00  0.000000e+00  0.000000e+00  
-1.36723  5.550327e-01  0.000000e+00  0.000000e+00  0.000000e+00  0.000000e+00  0.000000e+00  
-1.36623  5.610673e-01  0.000000e+00  0.000000e+00  0.000000e+00  0.000000e+00  0.000000e+00  
-1.36523  5.627662e-01  0.000000e+00  0.000000e+00  0.000000e+00  0.000000e+00  0.000000e+00  
-1.36424  5.690932e-01  0.000000e+00  0.000000e+00  0.000000e+00  0.000000e+00  0.000000e+00  
-1.36325  5.771246e-01  0.000000e+00  0.000000e+00  0.000000e+00  0.000000e+00  0.000000e+00  
-1.36226  5.785603e-01  0.000000e+00  0.000000e+00  0.000000e+00  0.000000e+00  0.000000e+00  
-1.36127  5.853805e-01  0.000000e+00  0.000000e+00  0.000000e+00  0.000000e+00  0.000000e+00  
-1.36028  5.866217e-01  0.000000e+00  0.000000e+00  0.000000e+00  0.000000e+00  0.000000e+00  
-1.3593  5.937475e-01  0.000000e+00  0.000000e+00  0.000000e+00  0.000000e+00  0.000000e+00  
-1.35832  5.947953e-01  0.000000e+00  0.000000e+00  0.000000e+00  0.000000e+00  0.000000e+00  
-1.35734  6.022340e-01  0.000000e+00  0.000000e+00  0.000000e+00  0.000000e+00  0.000000e+00  
-1.35636  6.030830e-01  0.000000e+00  0.000000e+00  0.000000e+00  0.000000e+00  0.000000e+00  
-1.35539  6.108417e-01  0.000000e+00  0.000000e+00  0.000000e+00  0.000000e+00  0.000000e+00  
-1.35441  6.114861e-01  0.000000e+00  0.000000e+00  0.000000e+00  0.000000e+00  0.000000e+00  
-1.35344  6.195728e-01  0.000000e+00  0.000000e+00  0.000000e+00  0.000000e+00  0.000000e+00  
-1.35248  6.200062e-01  0.000000e+00  0.000000e+00  0.000000e+00  0.000000e+00  0.000000e+00  
-1.35151  6.284278e-01  0.000000e+00  0.000000e+00  0.000000e+00  0.000000e+00  0.000000e+00  
-1.35055  6.286450e-01  0.000000e+00  0.000000e+00  0.000000e+00  0.000000e+00  0.000000e+00  
-1.34958  6.374066e-01  0.000000e+00  0.000000e+00  0.000000e+00  0.000000e+00  0.000000e+00  
-1.34862  6.374043e-01  0.000000e+00  0.000000e+00  0.000000e+00  0.000000e+00  0.000000e+00  
-1.34767  6.376424e-01  0.000000e+00  0.000000e+00  0.000000e+00  0.000000e+00  0.000000e+00  
-1.34671  6.462856e-01  0.000000e+00  0.000000e+00  0.000000e+00  0.000000e+00  0.000000e+00  
-1.34576  6.467593e-01  0.000000e+00  0.000000e+00  0.000000e+00  0.000000e+00  0.000000e+00  
-1.34481  6.552905e-01  0.000000e+00  0.000000e+00  0.000000e+00  0.000000e+00  0.000000e+00  
-1.34386  6.560061e-01  0.000000e+00  0.000000e+00  0.000000e+00  0.000000e+00  0.000000e+00  
-1.34291  6.644210e-01  0.000000e+00  0.000000e+00  0.000000e+00  0.000000e+00  0.000000e+00  
-1.34196  6.653851e-01  0.000000e+00  0.000000e+00  0.000000e+00  0.000000e+00  0.000000e+00  
-1.34102  6.736788e-01  0.000000e+00  0.000000e+00  0.000000e+00  0.000000e+00  0.000000e+00  
-1.34008  6.748979e-01  0.000000e+00  0.000000e+00  0.000000e+00  0.000000e+00  0.000000e+00  
-1.33914  6.830655e-01  0.000000e+00  0.000000e+00  0.000000e+00  0.000000e+00  0.000000e+00  
-1.33821  6.845552e-01  0.000000e+00  0.000000e+00  0.000000e+00  0.000000e+00  0.000000e+00  
-1.33727  6.925829e-01  0.000000e+00  0.000000e+00  0.000000e+00  0.000000e+00  0.000000e+00  
-1.33634  6.943419e-01  0.000000e+00  0.000000e+00  0.000000e+00  0.000000e+00  0.000000e+00  
-1.33541  7.022330e-01  0.000000e+00  0.000000e+00  0.000000e+00  0.000000e+00  0.000000e+00  
-1.33448  7.042704e-01  0.000000e+00  0.000000e+00  0.000000e+00  0.000000e+00  0.000000e+00  
-1.33355  7.120175e-01  0.000000e+00  0.000000e+00  0.000000e+00  0.000000e+00  0.000000e+00  
-1.33263  7.143388e-01  0.000000e+00  0.000000e+00  0.000000e+00  0.000000e+00  0.000000e+00  
-1.3317  7.219385e-01  0.000000e+00  0.000000e+00  0.000000e+00  0.000000e+00  0.000000e+00  
-1.33078  7.245513e-01  0.000000e+00  0.000000e+00  0.000000e+00  0.000000e+00  0.000000e+00  
-1.32986  7.319976e-01  0.000000e+00  0.000000e+00  0.000000e+00  0.000000e+00  0.000000e+00  
-1.32895  7.349170e-01  0.000000e+00  0.000000e+00  0.000000e+00  0.000000e+00  0.000000e+00  
-1.32803  7.421969e-01  0.000000e+00  0.000000e+00  0.000000e+00  0.000000e+00  0.000000e+00  
-1.32712  7.454231e-01  0.000000e+00  0.000000e+00  0.000000e+00  0.000000e+00  0.000000e+00  
-1.32621  7.525383e-01  0.000000e+00  0.000000e+00  0.000000e+00  0.000000e+00  0.000000e+00  
-1.3253  7.560831e-01  0.000000e+00  0.000000e+00  0.000000e+00  0.000000e+00  0.000000e+00  
-1.32439  7.630238e-01  0.000000e+00  0.000000e+00  0.000000e+00  0.000000e+00  0.000000e+00  
-1.32348  7.668918e-01  0.000000e+00  0.000000e+00  0.000000e+00  0.000000e+00  0.000000e+00  
-1.32258  7.736553e-01  0.000000e+00  0.000000e+00  0.000000e+00  0.000000e+00  0.000000e+00  
-1.32168  7.778549e-01  0.000000e+00  0.000000e+00  0.000000e+00  0.000000e+00  0.000000e+00  
-1.32078  7.844351e-01  0.000000e+00  0.000000e+00  0.000000e+00  0.000000e+00  0.000000e+00  
-1.31988  7.889814e-01  0.000000e+00  0.000000e+00  0.000000e+00  0.000000e+00  0.000000e+00  
-1.31898  7.953651e-01  0.000000e+00  0.000000e+00  0.000000e+00  0.000000e+00  0.000000e+00  
-1.31809  8.002598e-01  0.000000e+00  0.000000e+00  0.000000e+00  0.000000e+00  0.000000e+00  
-1.3172  8.064472e-01  0.000000e+00  0.000000e+00  0.000000e+00  0.000000e+00  0.000000e+00  
-1.31631  8.064442e-01  0.000000e+00  0.000000e+00  0.000000e+00  0.000000e+00  0.000000e+00  
-1.31542  8.118528e-01  0.000000e+00  0.000000e+00  0.000000e+00  0.000000e+00  0.000000e+00  
-1.31453  8.233083e-01  0.000000e+00  0.000000e+00  0.000000e+00  0.000000e+00  0.000000e+00  
-1.31364  8.290771e-01  0.000000e+00  0.000000e+00  0.000000e+00  0.000000e+00  0.000000e+00  
-1.31276  8.350775e-01  0.000000e+00  0.000000e+00  0.000000e+00  0.000000e+00  0.000000e+00  
-1.31188  8.406291e-01  0.000000e+00  0.000000e+00  0.000000e+00  0.000000e+00  0.000000e+00  
-1.311  8.470203e-01  0.000000e+00  0.000000e+00  0.000000e+00  0.000000e+00  0.000000e+00  
-1.31012  8.523420e-01  0.000000e+00  0.000000e+00  0.000000e+00  0.000000e+00  0.000000e+00  
-1.30924  8.591279e-01  0.000000e+00  0.000000e+00  0.000000e+00  0.000000e+00  0.000000e+00  
-1.30837  8.642180e-01  0.000000e+00  0.000000e+00  0.000000e+00  0.000000e+00  0.000000e+00  
-1.3075  8.714158e-01  0.000000e+00  0.000000e+00  0.000000e+00  0.000000e+00  0.000000e+00  
-1.30663  8.762596e-01  0.000000e+00  0.000000e+00  0.000000e+00  0.000000e+00  0.000000e+00  
-1.30576  8.838723e-01  0.000000e+00  0.000000e+00  0.000000e+00  0.000000e+00  0.000000e+00  
-1.30489  8.884691e-01  0.000000e+00  0.000000e+00  0.000000e+00  0.000000e+00  0.000000e+00  
-1.30402  8.965149e-01  0.000000e+00  0.000000e+00  0.000000e+00  0.000000e+00  0.000000e+00  
-1.30316  9.008485e-01  0.000000e+00  0.000000e+00  0.000000e+00  0.000000e+00  0.000000e+00  
-1.3023  9.093344e-01  0.000000e+00  0.000000e+00  0.000000e+00  0.000000e+00  0.000000e+00  
-1.30144  9.134005e-01  0.000000e+00  0.000000e+00  0.000000e+00  0.000000e+00  0.000000e+00  
-1.30058  9.223234e-01  0.000000e+00  0.000000e+00  0.000000e+00  0.000000e+00  0.000000e+00  
-1.29972  9.261274e-01  0.000000e+00  0.000000e+00  0.000000e+00  0.000000e+00  0.000000e+00  
-1.29886  9.261239e-01  0.000000e+00  0.000000e+00  0.000000e+00  0.000000e+00  0.000000e+00  
-1.29801  9.356758e-01  0.000000e+00  0.000000e+00  0.000000e+00  0.000000e+00  0.000000e+00  
-1.29716  9.390280e-01  0.000000e+00  0.000000e+00  0.000000e+00  0.000000e+00  0.000000e+00  
-1.29631  9.490601e-01  0.000000e+00  0.000000e+00  0.000000e+00  0.000000e+00  0.000000e+00  
-1.29546  9.521120e-01  0.000000e+00  0.000000e+00  0.000000e+00  0.000000e+00  0.000000e+00  
-1.29461  9.626255e-01  0.000000e+00  0.000000e+00  0.000000e+00  0.000000e+00  0.000000e+00  
-1.29377  9.653782e-01  0.000000e+00  0.000000e+00  0.000000e+00  0.000000e+00  0.000000e+00  
-1.29292  9.763849e-01  0.000000e+00  0.000000e+00  0.000000e+00  0.000000e+00  0.000000e+00  
-1.29208  9.788293e-01  0.000000e+00  0.000000e+00  0.000000e+00  0.000000e+00  0.000000e+00  
-1.29124  9.788256e-01  0.000000e+00  0.000000e+00  0.000000e+00  0.000000e+00  0.000000e+00  
-1.2904  9.905196e-01  0.000000e+00  0.000000e+00  0.000000e+00  0.000000e+00  0.000000e+00  
-1.28956  9.924640e-01  0.000000e+00  0.000000e+00  0.000000e+00  0.000000e+00  0.000000e+00  
-1.28873  1.004677e+00  0.000000e+00  0.000000e+00  0.000000e+00  0.000000e+00  0.000000e+00  
-1.28789  1.006293e+00  0.000000e+00  0.000000e+00  0.000000e+00  0.000000e+00  0.000000e+00  
-1.28706  1.019037e+00  0.000000e+00  0.000000e+00  0.000000e+00  0.000000e+00  0.000000e+00  
-1.28623  1.020314e+00  0.000000e+00  0.000000e+00  0.000000e+00  0.000000e+00  0.000000e+00  
-1.2854  1.020310e+00  0.000000e+00  0.000000e+00  0.000000e+00  0.000000e+00  0.000000e+00  
-1.28457  1.033789e+00  0.000000e+00  0.000000e+00  0.000000e+00  0.000000e+00  0.000000e+00  
-1.28374  1.034526e+00  0.000000e+00  0.000000e+00  0.000000e+00  0.000000e+00  0.000000e+00  
-1.28292  1.048564e+00  0.000000e+00  0.000000e+00  0.000000e+00  0.000000e+00  0.000000e+00  
-1.2821  1.048941e+00  0.000000e+00  0.000000e+00  0.000000e+00  0.000000e+00  0.000000e+00  
-1.28127  1.063551e+00  0.000000e+00  0.000000e+00  0.000000e+00  0.000000e+00  0.000000e+00  
-1.28045  1.063556e+00  0.000000e+00  0.000000e+00  0.000000e+00  0.000000e+00  0.000000e+00  
-1.27964  1.063925e+00  0.000000e+00  0.000000e+00  0.000000e+00  0.000000e+00  0.000000e+00  
-1.27882  1.078375e+00  0.000000e+00  0.000000e+00  0.000000e+00  0.000000e+00  0.000000e+00  
-1.278  1.079136e+00  0.000000e+00  0.000000e+00  0.000000e+00  0.000000e+00  0.000000e+00  
-1.27719  1.093401e+00  0.000000e+00  0.000000e+00  0.000000e+00  0.000000e+00  0.000000e+00  
-1.27638  1.094579e+00  0.000000e+00  0.000000e+00  0.000000e+00  0.000000e+00  0.000000e+00  
-1.27557  1.108636e+00  0.000000e+00  0.000000e+00  0.000000e+00  0.000000e+00  0.000000e+00  
-1.27476  1.108632e+00  0.000000e+00  0.000000e+00  0.000000e+00  0.000000e+00  0.000000e+00  
-1.27395  1.110416e+00  0.000000e+00  0.000000e+00  0.000000e+00  0.000000e+00  0.000000e+00  
-1.27314  1.124079e+00  0.000000e+00  0.000000e+00  0.000000e+00  0.000000e+00  0.000000e+00  
-1.27234  1.126306e+00  0.000000e+00  0.000000e+00  0.000000e+00  0.000000e+00  0.000000e+00  
-1.27153  1.139741e+00  0.000000e+00  0.000000e+00  0.000000e+00  0.000000e+00  0.000000e+00  
-1.27073  1.139737e+00  0.000000e+00  0.000000e+00  0.000000e+00  0.000000e+00  0.000000e+00  
-1.26993  1.142603e+00  0.000000e+00  0.000000e+00  0.000000e+00  0.000000e+00  0.000000e+00  
-1.26913  1.155617e+00  0.000000e+00  0.000000e+00  0.000000e+00  0.000000e+00  0.000000e+00  
-1.26833  1.158951e+00  0.000000e+00  0.000000e+00  0.000000e+00  0.000000e+00  0.000000e+00  
-1.26754  1.171719e+00  0.000000e+00  0.000000e+00  0.000000e+00  0.000000e+00  0.000000e+00  
-1.26674  1.171715e+00  0.000000e+00  0.000000e+00  0.000000e+00  0.000000e+00  0.000000e+00  
-1.26595  1.175721e+00  0.000000e+00  0.000000e+00  0.000000e+00  0.000000e+00  0.000000e+00  
-1.26516  1.188041e+00  0.000000e+00  0.000000e+00  0.000000e+00  0.000000e+00  0.000000e+00  
-1.26437  1.192541e+00  0.000000e+00  0.000000e+00  0.000000e+00  0.000000e+00  0.000000e+00  
-1.26358  1.204594e+00  0.000000e+00  0.000000e+00  0.000000e+00  0.000000e+00  0.000000e+00  
-1.26279  1.204590e+00  0.000000e+00  0.000000e+00  0.000000e+00  0.000000e+00  0.000000e+00  
-1.26201  1.209798e+00  0.000000e+00  0.000000e+00  0.000000e+00  0.000000e+00  0.000000e+00  
-1.26122  1.221374e+00  0.000000e+00  0.000000e+00  0.000000e+00  0.000000e+00  0.000000e+00  
-1.26044  1.227105e+00  0.000000e+00  0.000000e+00  0.000000e+00  0.000000e+00  0.000000e+00  
-1.25966  1.238392e+00  0.000000e+00  0.000000e+00  0.000000e+00  0.000000e+00  0.000000e+00  
-1.25888  1.238387e+00  0.000000e+00  0.000000e+00  0.000000e+00  0.000000e+00  0.000000e+00  
-1.2581  1.244862e+00  0.000000e+00  0.000000e+00  0.000000e+00  0.000000e+00  0.000000e+00  
-1.25732  1.255642e+00  0.000000e+00  0.000000e+00  0.000000e+00  0.000000e+00  0.000000e+00  
-1.25654  1.262679e+00  0.000000e+00  0.000000e+00  0.000000e+00  0.000000e+00  0.000000e+00  
-1.25577  1.273138e+00  0.000000e+00  0.000000e+00  0.000000e+00  0.000000e+00  0.000000e+00  
-1.255  1.273133e+00  0.000000e+00  0.000000e+00  0.000000e+00  0.000000e+00  0.000000e+00  
-1.25422  1.280941e+00  0.000000e+00  0.000000e+00  0.000000e+00  0.000000e+00  0.000000e+00  
-1.25345  1.290872e+00  0.000000e+00  0.000000e+00  0.000000e+00  0.000000e+00  0.000000e+00  
-1.25268  1.290867e+00  0.000000e+00  0.000000e+00  0.000000e+00  0.000000e+00  0.000000e+00  
-1.25192  1.299488e+00  0.000000e+00  0.000000e+00  0.000000e+00  0.000000e+00  0.000000e+00  
-1.25115  1.308854e+00  0.000000e+00  0.000000e+00  0.000000e+00  0.000000e+00  0.000000e+00  
-1.25038  1.318064e+00  0.000000e+00  0.000000e+00  0.000000e+00  0.000000e+00  0.000000e+00  
-1.24962  1.327090e+00  0.000000e+00  0.000000e+00  0.000000e+00  0.000000e+00  0.000000e+00  
-1.24886  1.336915e+00  0.000000e+00  0.000000e+00  0.000000e+00  0.000000e+00  0.000000e+00  
-1.2481  1.345581e+00  0.000000e+00  0.000000e+00  0.000000e+00  0.000000e+00  0.000000e+00  
-1.24734  1.345576e+00  0.000000e+00  0.000000e+00  0.000000e+00  0.000000e+00  0.000000e+00  
-1.24658  1.356274e+00  0.000000e+00  0.000000e+00  0.000000e+00  0.000000e+00  0.000000e+00  
-1.24582  1.364325e+00  0.000000e+00  0.000000e+00  0.000000e+00  0.000000e+00  0.000000e+00  
-1.24507  1.364320e+00  0.000000e+00  0.000000e+00  0.000000e+00  0.000000e+00  0.000000e+00  
-1.24431  1.375899e+00  0.000000e+00  0.000000e+00  0.000000e+00  0.000000e+00  0.000000e+00  
-1.24356  1.383329e+00  0.000000e+00  0.000000e+00  0.000000e+00  0.000000e+00  0.000000e+00  
-1.24281  1.383324e+00  0.000000e+00  0.000000e+00  0.000000e+00  0.000000e+00  0.000000e+00  
-1.24205  1.395807e+00  0.000000e+00  0.000000e+00  0.000000e+00  0.000000e+00  0.000000e+00  
-1.24131  1.402599e+00  0.000000e+00  0.000000e+00  0.000000e+00  0.000000e+00  0.000000e+00  
-1.24056  1.409186e+00  0.000000e+00  0.000000e+00  0.000000e+00  0.000000e+00  0.000000e+00  
-1.23981  1.419078e+00  0.000000e+00  0.000000e+00  0.000000e+00  0.000000e+00  0.000000e+00  
-1.23907  1.422136e+00  0.000000e+00  0.000000e+00  0.000000e+00  0.000000e+00  0.000000e+00  
-1.23832  1.436255e+00  0.000000e+00  0.000000e+00  0.000000e+00  0.000000e+00  0.000000e+00  
-1.23758  1.441952e+00  0.000000e+00  0.000000e+00  0.000000e+00  0.000000e+00  0.000000e+00  
-1.23684  1.441946e+00  0.000000e+00  0.000000e+00  0.000000e+00  0.000000e+00  0.000000e+00  
-1.2361  1.457047e+00  0.000000e+00  0.000000e+00  0.000000e+00  0.000000e+00  0.000000e+00  
-1.23536  1.462038e+00  0.000000e+00  0.000000e+00  0.000000e+00  0.000000e+00  0.000000e+00  
-1.23462  1.462032e+00  0.000000e+00  0.000000e+00  0.000000e+00  0.000000e+00  0.000000e+00  
-1.23388  1.478136e+00  0.000000e+00  0.000000e+00  0.000000e+00  0.000000e+00  0.000000e+00  
-1.23315  1.482403e+00  0.000000e+00  0.000000e+00  0.000000e+00  0.000000e+00  0.000000e+00  
-1.23241  1.482398e+00  0.000000e+00  0.000000e+00  0.000000e+00  0.000000e+00  0.000000e+00  
-1.23168  1.499538e+00  0.000000e+00  0.000000e+00  0.000000e+00  0.000000e+00  0.000000e+00  
-1.23095  1.503053e+00  0.000000e+00  0.000000e+00  0.000000e+00  0.000000e+00  0.000000e+00  
-1.23022  1.520971e+00  0.000000e+00  0.000000e+00  0.000000e+00  0.000000e+00  0.000000e+00  
-1.22949  1.523995e+00  0.000000e+00  0.000000e+00  0.000000e+00  0.000000e+00  0.000000e+00  
-1.22876  1.542710e+00  0.000000e+00  0.000000e+00  0.000000e+00  0.000000e+00  0.000000e+00  
-1.22803  1.545230e+00  0.000000e+00  0.000000e+00  0.000000e+00  0.000000e+00  0.000000e+00  
-1.22731  1.545224e+00  0.000000e+00  0.000000e+00  0.000000e+00  0.000000e+00  0.000000e+00  
-1.22658  1.565040e+00  0.000000e+00  0.000000e+00  0.000000e+00  0.000000e+00  0.000000e+00  
-1.22586  1.566754e+00  0.000000e+00  0.000000e+00  0.000000e+00  0.000000e+00  0.000000e+00  
-1.22514  1.566749e+00  0.000000e+00  0.000000e+00  0.000000e+00  0.000000e+00  0.000000e+00  
-1.22442  1.587695e+00  0.000000e+00  0.000000e+00  0.000000e+00  0.000000e+00  0.000000e+00  
-1.2237  1.588579e+00  0.000000e+00  0.000000e+00  0.000000e+00  0.000000e+00  0.000000e+00  
-1.22298  1.588573e+00  0.000000e+00  0.000000e+00  0.000000e+00  0.000000e+00  0.000000e+00  
-1.22226  1.610678e+00  0.000000e+00  0.000000e+00  0.000000e+00  0.000000e+00  0.000000e+00  
-1.22155  1.610707e+00  0.000000e+00  0.000000e+00  0.000000e+00  0.000000e+00  0.000000e+00  
-1.22083  1.611243e+00  0.000000e+00  0.000000e+00  0.000000e+00  0.000000e+00  0.000000e+00  
-1.22012  1.633150e+00  0.000000e+00  0.000000e+00  0.000000e+00  0.000000e+00  0.000000e+00  
-1.21941  1.633712e+00  0.000000e+00  0.000000e+00  0.000000e+00  0.000000e+00  0.000000e+00  
-1.21869  1.645241e+00  0.000000e+00  0.000000e+00  0.000000e+00  0.000000e+00  0.000000e+00  
-1.21798  1.655899e+00  0.000000e+00  0.000000e+00  0.000000e+00  0.000000e+00  0.000000e+00  
-1.21728  1.657946e+00  0.000000e+00  0.000000e+00  0.000000e+00  0.000000e+00  0.000000e+00  
-1.21657  1.678972e+00  0.000000e+00  0.000000e+00  0.000000e+00  0.000000e+00  0.000000e+00  
-1.21586  1.678965e+00  0.000000e+00  0.000000e+00  0.000000e+00  0.000000e+00  0.000000e+00  
-1.21516  1.681956e+00  0.000000e+00  0.000000e+00  0.000000e+00  0.000000e+00  0.000000e+00  
-1.21445  1.702359e+00  0.000000e+00  0.000000e+00  0.000000e+00  0.000000e+00  0.000000e+00  
-1.21375  1.706002e+00  0.000000e+00  0.000000e+00  0.000000e+00  0.000000e+00  0.000000e+00  
-1.21305  1.726079e+00  0.000000e+00  0.000000e+00  0.000000e+00  0.000000e+00  0.000000e+00  
-1.21234  1.726073e+00  0.000000e+00  0.000000e+00  0.000000e+00  0.000000e+00  0.000000e+00  
-1.21164  1.730707e+00  0.000000e+00  0.000000e+00  0.000000e+00  0.000000e+00  0.000000e+00  
-1.21095  1.750123e+00  0.000000e+00  0.000000e+00  0.000000e+00  0.000000e+00  0.000000e+00  
-1.21025  1.750116e+00  0.000000e+00  0.000000e+00  0.000000e+00  0.000000e+00  0.000000e+00  
-1.20955  1.755749e+00  0.000000e+00  0.000000e+00  0.000000e+00  0.000000e+00  0.000000e+00  
-1.20886  1.774501e+00  0.000000e+00  0.000000e+00  0.000000e+00  0.000000e+00  0.000000e+00  
-1.20816  1.780850e+00  0.000000e+00  0.000000e+00  0.000000e+00  0.000000e+00  0.000000e+00  
-1.20747  1.799226e+00  0.000000e+00  0.000000e+00  0.000000e+00  0.000000e+00  0.000000e+00  
-1.20678  1.799219e+00  0.000000e+00  0.000000e+00  0.000000e+00  0.000000e+00  0.000000e+00  
-1.20609  1.806638e+00  0.000000e+00  0.000000e+00  0.000000e+00  0.000000e+00  0.000000e+00  
-1.2054  1.824289e+00  0.000000e+00  0.000000e+00  0.000000e+00  0.000000e+00  0.000000e+00  
-1.20471  1.824282e+00  0.000000e+00  0.000000e+00  0.000000e+00  0.000000e+00  0.000000e+00  
-1.20402  1.832799e+00  0.000000e+00  0.000000e+00  0.000000e+00  0.000000e+00  0.000000e+00  
-1.20333  1.849701e+00  0.000000e+00  0.000000e+00  0.000000e+00  0.000000e+00  0.000000e+00  
-1.20265  1.849694e+00  0.000000e+00  0.000000e+00  0.000000e+00  0.000000e+00  0.000000e+00  
-1.20196  1.859329e+00  0.000000e+00  0.000000e+00  0.000000e+00  0.000000e+00  0.000000e+00  
-1.20128  1.875466e+00  0.000000e+00  0.000000e+00  0.000000e+00  0.000000e+00  0.000000e+00  
-1.2006  1.875459e+00  0.000000e+00  0.000000e+00  0.000000e+00  0.000000e+00  0.000000e+00  
-1.19992  1.886251e+00  0.000000e+00  0.000000e+00  0.000000e+00  0.000000e+00  0.000000e+00  
-1.19924  1.901591e+00  0.000000e+00  0.000000e+00  0.000000e+00  0.000000e+00  0.000000e+00  
-1.19856  1.907399e+00  0.000000e+00  0.000000e+00  0.000000e+00  0.000000e+00  0.000000e+00  
-1.19788  1.920817e+00  0.000000e+00  0.000000e+00  0.000000e+00  0.000000e+00  0.000000e+00  
-1.1972  1.928079e+00  0.000000e+00  0.000000e+00  0.000000e+00  0.000000e+00  0.000000e+00  
-1.19653  1.940931e+00  0.000000e+00  0.000000e+00  0.000000e+00  0.000000e+00  0.000000e+00  
-1.19585  1.954944e+00  0.000000e+00  0.000000e+00  0.000000e+00  0.000000e+00  0.000000e+00  
-1.19518  1.954937e+00  0.000000e+00  0.000000e+00  0.000000e+00  0.000000e+00  0.000000e+00  
-1.19451  1.954929e+00  0.000000e+00  0.000000e+00  0.000000e+00  0.000000e+00  0.000000e+00  
-1.19383  1.969362e+00  0.000000e+00  0.000000e+00  0.000000e+00  0.000000e+00  0.000000e+00  
-1.19316  1.982168e+00  0.000000e+00  0.000000e+00  0.000000e+00  0.000000e+00  0.000000e+00  
-1.19249  1.982161e+00  0.000000e+00  0.000000e+00  0.000000e+00  0.000000e+00  0.000000e+00  
-1.19182  1.997860e+00  0.000000e+00  0.000000e+00  0.000000e+00  0.000000e+00  0.000000e+00  
-1.19116  2.009779e+00  0.000000e+00  0.000000e+00  0.000000e+00  0.000000e+00  0.000000e+00  
-1.19049  2.009772e+00  0.000000e+00  0.000000e+00  0.000000e+00  0.000000e+00  0.000000e+00  
-1.18982  2.026785e+00  0.000000e+00  0.000000e+00  0.000000e+00  0.000000e+00  0.000000e+00  
-1.18916  2.037775e+00  0.000000e+00  0.000000e+00  0.000000e+00  0.000000e+00  0.000000e+00  
-1.1885  2.037767e+00  0.000000e+00  0.000000e+00  0.000000e+00  0.000000e+00  0.000000e+00  
-1.18783  2.056136e+00  0.000000e+00  0.000000e+00  0.000000e+00  0.000000e+00  0.000000e+00  
-1.18717  2.066160e+00  0.000000e+00  0.000000e+00  0.000000e+00  0.000000e+00  0.000000e+00  
-1.18651  2.066152e+00  0.000000e+00  0.000000e+00  0.000000e+00  0.000000e+00  0.000000e+00  
-1.18585  2.085895e+00  0.000000e+00  0.000000e+00  0.000000e+00  0.000000e+00  0.000000e+00  
-1.18519  2.094941e+00  0.000000e+00  0.000000e+00  0.000000e+00  0.000000e+00  0.000000e+00  
-1.18454  2.094933e+00  0.000000e+00  0.000000e+00  0.000000e+00  0.000000e+00  0.000000e+00  
-1.18388  2.094925e+00  0.000000e+00  0.000000e+00  0.000000e+00  0.000000e+00  0.000000e+00  
-1.18323  2.116467e+00  0.000000e+00  0.000000e+00  0.000000e+00  0.000000e+00  0.000000e+00  
-1.18257  2.124115e+00  0.000000e+00  0.000000e+00  0.000000e+00  0.000000e+00  0.000000e+00  
-1.18192  2.124107e+00  0.000000e+00  0.000000e+00  0.000000e+00  0.000000e+00  0.000000e+00  
-1.18126  2.147084e+00  0.000000e+00  0.000000e+00  0.000000e+00  0.000000e+00  0.000000e+00  
-1.18061  2.153703e+00  0.000000e+00  0.000000e+00  0.000000e+00  0.000000e+00  0.000000e+00  
-1.17996  2.153695e+00  0.000000e+00  0.000000e+00  0.000000e+00  0.000000e+00  0.000000e+00  
-1.17931  2.153687e+00  0.000000e+00  0.000000e+00  0.000000e+00  0.000000e+00  0.000000e+00  
-1.17866  2.178529e+00  0.000000e+00  0.000000e+00  0.000000e+00  0.000000e+00  0.000000e+00  
-1.17802  2.183695e+00  0.000000e+00  0.000000e+00  0.000000e+00  0.000000e+00  0.000000e+00  
-1.17737  2.183687e+00  0.000000e+00  0.000000e+00  0.000000e+00  0.000000e+00  0.000000e+00  
-1.17672  2.183678e+00  0.000000e+00  0.000000e+00  0.000000e+00  0.000000e+00  0.000000e+00  
-1.17608  2.210460e+00  0.000000e+00  0.000000e+00  0.000000e+00  0.000000e+00  0.000000e+00  
-1.17544  2.214105e+00  0.000000e+00  0.000000e+00  0.000000e+00  0.000000e+00  0.000000e+00  
-1.17479  2.214096e+00  0.000000e+00  0.000000e+00  0.000000e+00  0.000000e+00  0.000000e+00  
-1.17415  2.214088e+00  0.000000e+00  0.000000e+00  0.000000e+00  0.000000e+00  0.000000e+00  
-1.17351  2.242834e+00  0.000000e+00  0.000000e+00  0.000000e+00  0.000000e+00  0.000000e+00  
-1.17287  2.244938e+00  0.000000e+00  0.000000e+00  0.000000e+00  0.000000e+00  0.000000e+00  
-1.17223  2.244929e+00  0.000000e+00  0.000000e+00  0.000000e+00  0.000000e+00  0.000000e+00  
-1.17159  2.275299e+00  0.000000e+00  0.000000e+00  0.000000e+00  0.000000e+00  0.000000e+00  
-1.17096  2.276209e+00  0.000000e+00  0.000000e+00  0.000000e+00  0.000000e+00  0.000000e+00  
-1.17032  2.276200e+00  0.000000e+00  0.000000e+00  0.000000e+00  0.000000e+00  0.000000e+00  
-1.16968  2.276502e+00  0.000000e+00  0.000000e+00  0.000000e+00  0.000000e+00  0.000000e+00  
-1.16905  2.307916e+00  0.000000e+00  0.000000e+00  0.000000e+00  0.000000e+00  0.000000e+00  
-1.16842  2.307907e+00  0.000000e+00  0.000000e+00  0.000000e+00  0.000000e+00  0.000000e+00  
-1.16778  2.307898e+00  0.000000e+00  0.000000e+00  0.000000e+00  0.000000e+00  0.000000e+00  
-1.16715  2.309861e+00  0.000000e+00  0.000000e+00  0.000000e+00  0.000000e+00  0.000000e+00  
-1.16652  2.340055e+00  0.000000e+00  0.000000e+00  0.000000e+00  0.000000e+00  0.000000e+00  
-1.16589  2.340047e+00  0.000000e+00  0.000000e+00  0.000000e+00  0.000000e+00  0.000000e+00  
-1.16526  2.340038e+00  0.000000e+00  0.000000e+00  0.000000e+00  0.000000e+00  0.000000e+00  
-1.16463  2.343708e+00  0.000000e+00  0.000000e+00  0.000000e+00  0.000000e+00  0.000000e+00  
-1.16401  2.372643e+00  0.000000e+00  0.000000e+00  0.000000e+00  0.000000e+00  0.000000e+00  
-1.16338  2.372634e+00  0.000000e+00  0.000000e+00  0.000000e+00  0.000000e+00  0.000000e+00  
-1.16276  2.372625e+00  0.000000e+00  0.000000e+00  0.000000e+00  0.000000e+00  0.000000e+00  
-1.16213  2.378078e+00  0.000000e+00  0.000000e+00  0.000000e+00  0.000000e+00  0.000000e+00  
-1.16151  2.405683e+00  0.000000e+00  0.000000e+00  0.000000e+00  0.000000e+00  0.000000e+00  
-1.16089  2.405674e+00  0.000000e+00  0.000000e+00  0.000000e+00  0.000000e+00  0.000000e+00  
-1.16026  2.405665e+00  0.000000e+00  0.000000e+00  0.000000e+00  0.000000e+00  0.000000e+00  
-1.15964  2.412927e+00  0.000000e+00  0.000000e+00  0.000000e+00  0.000000e+00  0.000000e+00  
-1.15902  2.439184e+00  0.000000e+00  0.000000e+00  0.000000e+00  0.000000e+00  0.000000e+00  
-1.1584  2.439175e+00  0.000000e+00  0.000000e+00  0.000000e+00  0.000000e+00  0.000000e+00  
-1.15779  2.439166e+00  0.000000e+00  0.000000e+00  0.000000e+00  0.000000e+00  0.000000e+00  
-1.15717  2.448305e+00  0.000000e+00  0.000000e+00  0.000000e+00  0.000000e+00  0.000000e+00  
-1.15655  2.473152e+00  0.000000e+00  0.000000e+00  0.000000e+00  0.000000e+00  0.000000e+00  
-1.15594  2.473143e+00  0.000000e+00  0.000000e+00  0.000000e+00  0.000000e+00  0.000000e+00  
-1.15532  2.473133e+00  0.000000e+00  0.000000e+00  0.000000e+00  0.000000e+00  0.000000e+00  
-1.15471  2.484185e+00  0.000000e+00  0.000000e+00  0.000000e+00  0.000000e+00  0.000000e+00  
-1.15409  2.507593e+00  0.000000e+00  0.000000e+00  0.000000e+00  0.000000e+00  0.000000e+00  
-1.15348  2.507583e+00  0.000000e+00  0.000000e+00  0.000000e+00  0.000000e+00  0.000000e+00  
-1.15287  2.520144e+00  0.000000e+00  0.000000e+00  0.000000e+00  0.000000e+00  0.000000e+00  
-1.15226  2.542523e+00  0.000000e+00  0.000000e+00  0.000000e+00  0.000000e+00  0.000000e+00  
-1.15165  2.542513e+00  0.000000e+00  0.000000e+00  0.000000e+00  0.000000e+00  0.000000e+00  
-1.15104  2.542503e+00  0.000000e+00  0.000000e+00  0.000000e+00  0.000000e+00  0.000000e+00  
-1.15044  2.557078e+00  0.000000e+00  0.000000e+00  0.000000e+00  0.000000e+00  0.000000e+00  
-1.14983  2.577929e+00  0.000000e+00  0.000000e+00  0.000000e+00  0.000000e+00  0.000000e+00  
-1.14922  2.577919e+00  0.000000e+00  0.000000e+00  0.000000e+00  0.000000e+00  0.000000e+00  
-1.14862  2.577910e+00  0.000000e+00  0.000000e+00  0.000000e+00  0.000000e+00  0.000000e+00  
-1.14801  2.594558e+00  0.000000e+00  0.000000e+00  0.000000e+00  0.000000e+00  0.000000e+00  
-1.14741  2.613829e+00  0.000000e+00  0.000000e+00  0.000000e+00  0.000000e+00  0.000000e+00  
-1.14681  2.613819e+00  0.000000e+00  0.000000e+00  0.000000e+00  0.000000e+00  0.000000e+00  
-1.1462  2.613809e+00  0.000000e+00  0.000000e+00  0.000000e+00  0.000000e+00  0.000000e+00  
-1.1456  2.632583e+00  0.000000e+00  0.000000e+00  0.000000e+00  0.000000e+00  0.000000e+00  
-1.145  2.650228e+00  0.000000e+00  0.000000e+00  0.000000e+00  0.000000e+00  0.000000e+00  
-1.1444  2.650218e+00  0.000000e+00  0.000000e+00  0.000000e+00  0.000000e+00  0.000000e+00  
-1.14381  2.650208e+00  0.000000e+00  0.000000e+00  0.000000e+00  0.000000e+00  0.000000e+00  
-1.14321  2.671168e+00  0.000000e+00  0.000000e+00  0.000000e+00  0.000000e+00  0.000000e+00  
-1.14261  2.687135e+00  0.000000e+00  0.000000e+00  0.000000e+00  0.000000e+00  0.000000e+00  
-1.14201  2.687125e+00  0.000000e+00  0.000000e+00  0.000000e+00  0.000000e+00  0.000000e+00  
-1.14142  2.687115e+00  0.000000e+00  0.000000e+00  0.000000e+00  0.000000e+00  0.000000e+00  
-1.14082  2.710288e+00  0.000000e+00  0.000000e+00  0.000000e+00  0.000000e+00  0.000000e+00  
-1.14023  2.724555e+00  0.000000e+00  0.000000e+00  0.000000e+00  0.000000e+00  0.000000e+00  
-1.13964  2.724545e+00  0.000000e+00  0.000000e+00  0.000000e+00  0.000000e+00  0.000000e+00  
-1.13905  2.724535e+00  0.000000e+00  0.000000e+00  0.000000e+00  0.000000e+00  0.000000e+00  
-1.13845  2.750024e+00  0.000000e+00  0.000000e+00  0.000000e+00  0.000000e+00  0.000000e+00  
-1.13786  2.762497e+00  0.000000e+00  0.000000e+00  0.000000e+00  0.000000e+00  0.000000e+00  
-1.13727  2.762487e+00  0.000000e+00  0.000000e+00  0.000000e+00  0.000000e+00  0.000000e+00  
-1.13669  2.776136e+00  0.000000e+00  0.000000e+00  0.000000e+00  0.000000e+00  0.000000e+00  
-1.1361  2.795634e+00  0.000000e+00  0.000000e+00  0.000000e+00  0.000000e+00  0.000000e+00  
-1.13551  2.800967e+00  0.000000e+00  0.000000e+00  0.000000e+00  0.000000e+00  0.000000e+00  
-1.13492  2.800956e+00  0.000000e+00  0.000000e+00  0.000000e+00  0.000000e+00  0.000000e+00  
-1.13434  2.830696e+00  0.000000e+00  0.000000e+00  0.000000e+00  0.000000e+00  0.000000e+00  
-1.13375  2.839984e+00  0.000000e+00  0.000000e+00  0.000000e+00  0.000000e+00  0.000000e+00  
-1.13317  2.839973e+00  0.000000e+00  0.000000e+00  0.000000e+00  0.000000e+00  0.000000e+00  
-1.13259  2.839962e+00  0.000000e+00  0.000000e+00  0.000000e+00  0.000000e+00  0.000000e+00  
-1.132  2.872152e+00  0.000000e+00  0.000000e+00  0.000000e+00  0.000000e+00  0.000000e+00  
-1.13142  2.879533e+00  0.000000e+00  0.000000e+00  0.000000e+00  0.000000e+00  0.000000e+00  
-1.13084  2.879522e+00  0.000000e+00  0.000000e+00  0.000000e+00  0.000000e+00  0.000000e+00  
-1.13026  2.879511e+00  0.000000e+00  0.000000e+00  0.000000e+00  0.000000e+00  0.000000e+00  
-1.12968  2.914250e+00  0.000000e+00  0.000000e+00  0.000000e+00  0.000000e+00  0.000000e+00  
-1.1291  2.919632e+00  0.000000e+00  0.000000e+00  0.000000e+00  0.000000e+00  0.000000e+00  
-1.12853  2.919621e+00  0.000000e+00  0.000000e+00  0.000000e+00  0.000000e+00  0.000000e+00  
-1.12795  2.919610e+00  0.000000e+00  0.000000e+00  0.000000e+00  0.000000e+00  0.000000e+00  
-1.12737  2.956930e+00  0.000000e+00  0.000000e+00  0.000000e+00  0.000000e+00  0.000000e+00  
-1.1268  2.960291e+00  0.000000e+00  0.000000e+00  0.000000e+00  0.000000e+00  0.000000e+00  
-1.12622  2.960279e+00  0.000000e+00  0.000000e+00  0.000000e+00  0.000000e+00  0.000000e+00  
-1.12565  2.960268e+00  0.000000e+00  0.000000e+00  0.000000e+00  0.000000e+00  0.000000e+00  
-1.12507  3.000234e+00  0.000000e+00  0.000000e+00  0.000000e+00  0.000000e+00  0.000000e+00  
-1.1245  3.001515e+00  0.000000e+00  0.000000e+00  0.000000e+00  0.000000e+00  0.000000e+00  
-1.12393  3.001504e+00  0.000000e+00  0.000000e+00  0.000000e+00  0.000000e+00  0.000000e+00  
-1.12336  3.001818e+00  0.000000e+00  0.000000e+00  0.000000e+00  0.000000e+00  0.000000e+00  
-1.12279  3.043325e+00  0.000000e+00  0.000000e+00  0.000000e+00  0.000000e+00  0.000000e+00  
-1.12222  3.043313e+00  0.000000e+00  0.000000e+00  0.000000e+00  0.000000e+00  0.000000e+00  
-1.12165  3.043302e+00  0.000000e+00  0.000000e+00  0.000000e+00  0.000000e+00  0.000000e+00  
-1.12108  3.045846e+00  0.000000e+00  0.000000e+00  0.000000e+00  0.000000e+00  0.000000e+00  
-1.12051  3.085706e+00  0.000000e+00  0.000000e+00  0.000000e+00  0.000000e+00  0.000000e+00  
-1.11995  3.085694e+00  0.000000e+00  0.000000e+00  0.000000e+00  0.000000e+00  0.000000e+00  
-1.11938  3.087799e+00  0.000000e+00  0.000000e+00  0.000000e+00  0.000000e+00  0.000000e+00  
-1.11882  3.109584e+00  0.000000e+00  0.000000e+00  0.000000e+00  0.000000e+00  0.000000e+00  
-1.11825  3.128676e+00  0.000000e+00  0.000000e+00  0.000000e+00  0.000000e+00  0.000000e+00  
-1.11769  3.128665e+00  0.000000e+00  0.000000e+00  0.000000e+00  0.000000e+00  0.000000e+00  
-1.11713  3.135230e+00  0.000000e+00  0.000000e+00  0.000000e+00  0.000000e+00  0.000000e+00  
-1.11656  3.172258e+00  0.000000e+00  0.000000e+00  0.000000e+00  0.000000e+00  0.000000e+00  
-1.116  3.172246e+00  0.000000e+00  0.000000e+00  0.000000e+00  0.000000e+00  0.000000e+00  
-1.11544  3.172234e+00  0.000000e+00  0.000000e+00  0.000000e+00  0.000000e+00  0.000000e+00  
-1.11488  3.181174e+00  0.000000e+00  0.000000e+00  0.000000e+00  0.000000e+00  0.000000e+00  
-1.11432  3.216434e+00  0.000000e+00  0.000000e+00  0.000000e+00  0.000000e+00  0.000000e+00  
-1.11376  3.216422e+00  0.000000e+00  0.000000e+00  0.000000e+00  0.000000e+00  0.000000e+00  
-1.11321  3.216409e+00  0.000000e+00  0.000000e+00  0.000000e+00  0.000000e+00  0.000000e+00  
-1.11265  3.227818e+00  0.000000e+00  0.000000e+00  0.000000e+00  0.000000e+00  0.000000e+00  
-1.11209  3.261225e+00  0.000000e+00  0.000000e+00  0.000000e+00  0.000000e+00  0.000000e+00  
-1.11154  3.261213e+00  0.000000e+00  0.000000e+00  0.000000e+00  0.000000e+00  0.000000e+00  
-1.11098  3.261201e+00  0.000000e+00  0.000000e+00  0.000000e+00  0.000000e+00  0.000000e+00  
-1.11043  3.275121e+00  0.000000e+00  0.000000e+00  0.000000e+00  0.000000e+00  0.000000e+00  
-1.10987  3.306640e+00  0.000000e+00  0.000000e+00  0.000000e+00  0.000000e+00  0.000000e+00  
-1.10932  3.306628e+00  0.000000e+00  0.000000e+00  0.000000e+00  0.000000e+00  0.000000e+00  
-1.10877  3.306615e+00  0.000000e+00  0.000000e+00  0.000000e+00  0.000000e+00  0.000000e+00  
-1.10822  3.323104e+00  0.000000e+00  0.000000e+00  0.000000e+00  0.000000e+00  0.000000e+00  
-1.10767  3.352688e+00  0.000000e+00  0.000000e+00  0.000000e+00  0.000000e+00  0.000000e+00  
-1.10712  3.352675e+00  0.000000e+00  0.000000e+00  0.000000e+00  0.000000e+00  0.000000e+00  
-1.10657  3.352663e+00  0.000000e+00  0.000000e+00  0.000000e+00  0.000000e+00  0.000000e+00  
-1.10602  3.371844e+00  0.000000e+00  0.000000e+00  0.000000e+00  0.000000e+00  0.000000e+00  
-1.10547  3.399377e+00  0.000000e+00  0.000000e+00  0.000000e+00  0.000000e+00  0.000000e+00  
-1.10492  3.399364e+00  0.000000e+00  0.000000e+00  0.000000e+00  0.000000e+00  0.000000e+00  
-1.10438  3.409981e+00  0.000000e+00  0.000000e+00  0.000000e+00  0.000000e+00  0.000000e+00  
-1.10383  3.445102e+00  0.000000e+00  0.000000e+00  0.000000e+00  0.000000e+00  0.000000e+00  
-1.10329  3.505327e+00  0.000000e+00  0.000000e+00  0.000000e+00  0.000000e+00  0.000000e+00  
-1.10274  3.543475e+00  0.000000e+00  0.000000e+00  0.000000e+00  0.000000e+00  0.000000e+00  
-1.1022  3.568217e+00  0.000000e+00  0.000000e+00  0.000000e+00  0.000000e+00  0.000000e+00  
-1.10165  3.592848e+00  0.000000e+00  0.000000e+00  0.000000e+00  0.000000e+00  0.000000e+00  
-1.10111  3.592835e+00  0.000000e+00  0.000000e+00  0.000000e+00  0.000000e+00  0.000000e+00  
-1.10057  3.592821e+00  0.000000e+00  0.000000e+00  0.000000e+00  0.000000e+00  0.000000e+00  
-1.10003  3.592807e+00  0.000000e+00  0.000000e+00  0.000000e+00  0.000000e+00  0.000000e+00  
-1.09949  3.592794e+00  0.000000e+00  0.000000e+00  0.000000e+00  0.000000e+00  0.000000e+00  
-1.09895  3.592780e+00  0.000000e+00  0.000000e+00  0.000000e+00  0.000000e+00  0.000000e+00  
-1.09841  3.592766e+00  0.000000e+00  0.000000e+00  0.000000e+00  0.000000e+00  0.000000e+00  
-1.09787  3.592753e+00  0.000000e+00  0.000000e+00  0.000000e+00  0.000000e+00  0.000000e+00  
-1.09733  3.623668e+00  0.000000e+00  0.000000e+00  0.000000e+00  0.000000e+00  0.000000e+00  
-1.0968  3.674819e+00  0.000000e+00  0.000000e+00  0.000000e+00  0.000000e+00  0.000000e+00  
-1.09626  3.693583e+00  0.000000e+00  0.000000e+00  0.000000e+00  0.000000e+00  0.000000e+00  
-1.09572  3.693569e+00  0.000000e+00  0.000000e+00  0.000000e+00  0.000000e+00  0.000000e+00  
-1.09519  3.693555e+00  0.000000e+00  0.000000e+00  0.000000e+00  0.000000e+00  0.000000e+00  
-1.09465  3.693541e+00  0.000000e+00  0.000000e+00  0.000000e+00  0.000000e+00  0.000000e+00  
-1.09412  3.693527e+00  0.000000e+00  0.000000e+00  0.000000e+00  0.000000e+00  0.000000e+00  
-1.09359  3.693513e+00  0.000000e+00  0.000000e+00  0.000000e+00  0.000000e+00  0.000000e+00  
-1.09306  3.693499e+00  0.000000e+00  0.000000e+00  0.000000e+00  0.000000e+00  0.000000e+00  
-1.09252  3.693485e+00  0.000000e+00  0.000000e+00  0.000000e+00  0.000000e+00  0.000000e+00  
-1.09199  3.693471e+00  0.000000e+00  0.000000e+00  0.000000e+00  0.000000e+00  0.000000e+00  
-1.09146  3.693457e+00  0.000000e+00  0.000000e+00  0.000000e+00  0.000000e+00  0.000000e+00  
-1.09093  3.713345e+00  0.000000e+00  0.000000e+00  0.000000e+00  0.000000e+00  0.000000e+00  
-1.0904  3.739421e+00  0.000000e+00  0.000000e+00  0.000000e+00  0.000000e+00  0.000000e+00  
-1.08987  3.786619e+00  0.000000e+00  0.000000e+00  0.000000e+00  0.000000e+00  0.000000e+00  
-1.08935  3.840092e+00  0.000000e+00  0.000000e+00  0.000000e+00  0.000000e+00  0.000000e+00  
-1.08882  3.850021e+00  0.000000e+00  0.000000e+00  0.000000e+00  0.000000e+00  0.000000e+00  
-1.08829  3.850006e+00  0.000000e+00  0.000000e+00  0.000000e+00  0.000000e+00  0.000000e+00  
-1.08777  3.849992e+00  0.000000e+00  0.000000e+00  0.000000e+00  0.000000e+00  0.000000e+00  
-1.08724  3.849977e+00  0.000000e+00  0.000000e+00  0.000000e+00  0.000000e+00  0.000000e+00  
-1.08672  3.849963e+00  0.000000e+00  0.000000e+00  0.000000e+00  0.000000e+00  0.000000e+00  
-1.08619  3.849948e+00  0.000000e+00  0.000000e+00  0.000000e+00  0.000000e+00  0.000000e+00  
-1.08567  3.849933e+00  0.000000e+00  0.000000e+00  0.000000e+00  0.000000e+00  0.000000e+00  
-1.08514  3.849918e+00  0.000000e+00  0.000000e+00  0.000000e+00  0.000000e+00  0.000000e+00  
-1.08462  3.849904e+00  0.000000e+00  0.000000e+00  0.000000e+00  0.000000e+00  0.000000e+00  
-1.0841  3.849889e+00  0.000000e+00  0.000000e+00  0.000000e+00  0.000000e+00  0.000000e+00  
-1.08358  3.875485e+00  0.000000e+00  0.000000e+00  0.000000e+00  0.000000e+00  0.000000e+00  
-1.08306  3.902664e+00  0.000000e+00  0.000000e+00  0.000000e+00  0.000000e+00  0.000000e+00  
-1.08254  3.956906e+00  0.000000e+00  0.000000e+00  0.000000e+00  0.000000e+00  0.000000e+00  
-1.08202  4.012737e+00  0.000000e+00  0.000000e+00  0.000000e+00  0.000000e+00  0.000000e+00  
-1.0815  4.013085e+00  0.000000e+00  0.000000e+00  0.000000e+00  0.000000e+00  0.000000e+00  
-1.08098  4.013069e+00  0.000000e+00  0.000000e+00  0.000000e+00  0.000000e+00  0.000000e+00  
-1.08047  4.013054e+00  0.000000e+00  0.000000e+00  0.000000e+00  0.000000e+00  0.000000e+00  
-1.07995  4.013039e+00  0.000000e+00  0.000000e+00  0.000000e+00  0.000000e+00  0.000000e+00  
-1.07943  4.013023e+00  0.000000e+00  0.000000e+00  0.000000e+00  0.000000e+00  0.000000e+00  
-1.07892  4.013008e+00  0.000000e+00  0.000000e+00  0.000000e+00  0.000000e+00  0.000000e+00  
-1.0784  4.012993e+00  0.000000e+00  0.000000e+00  0.000000e+00  0.000000e+00  0.000000e+00  
-1.07789  4.012978e+00  0.000000e+00  0.000000e+00  0.000000e+00  0.000000e+00  0.000000e+00  
-1.07738  4.019106e+00  0.000000e+00  0.000000e+00  0.000000e+00  0.000000e+00  0.000000e+00  
-1.07686  4.075881e+00  0.000000e+00  0.000000e+00  0.000000e+00  0.000000e+00  0.000000e+00  
-1.07635  4.125602e+00  0.000000e+00  0.000000e+00  0.000000e+00  0.000000e+00  0.000000e+00  
-1.07584  4.125587e+00  0.000000e+00  0.000000e+00  0.000000e+00  0.000000e+00  0.000000e+00  
-1.07533  4.125571e+00  0.000000e+00  0.000000e+00  0.000000e+00  0.000000e+00  0.000000e+00  
-1.07482  4.125555e+00  0.000000e+00  0.000000e+00  0.000000e+00  0.000000e+00  0.000000e+00  
-1.07431  4.136357e+00  0.000000e+00  0.000000e+00  0.000000e+00  0.000000e+00  0.000000e+00  
-1.0738  4.183038e+00  0.000000e+00  0.000000e+00  0.000000e+00  0.000000e+00  0.000000e+00  
-1.07329  4.183023e+00  0.000000e+00  0.000000e+00  0.000000e+00  0.000000e+00  0.000000e+00  
-1.07278  4.183007e+00  0.000000e+00  0.000000e+00  0.000000e+00  0.000000e+00  0.000000e+00  
-1.07227  4.182991e+00  0.000000e+00  0.000000e+00  0.000000e+00  0.000000e+00  0.000000e+00  
-1.07177  4.182975e+00  0.000000e+00  0.000000e+00  0.000000e+00  0.000000e+00  0.000000e+00  
-1.07126  4.190717e+00  0.000000e+00  0.000000e+00  0.000000e+00  0.000000e+00  0.000000e+00  
-1.07075  4.220227e+00  0.000000e+00  0.000000e+00  0.000000e+00  0.000000e+00  0.000000e+00  
-1.07025  4.241242e+00  0.000000e+00  0.000000e+00  0.000000e+00  0.000000e+00  0.000000e+00  
-1.06974  4.259228e+00  0.000000e+00  0.000000e+00  0.000000e+00  0.000000e+00  0.000000e+00  
-1.06924  4.300338e+00  0.000000e+00  0.000000e+00  0.000000e+00  0.000000e+00  0.000000e+00  
-1.06874  4.300321e+00  0.000000e+00  0.000000e+00  0.000000e+00  0.000000e+00  0.000000e+00  
-1.06823  4.300305e+00  0.000000e+00  0.000000e+00  0.000000e+00  0.000000e+00  0.000000e+00  
-1.06773  4.300289e+00  0.000000e+00  0.000000e+00  0.000000e+00  0.000000e+00  0.000000e+00  
-1.06723  4.322415e+00  0.000000e+00  0.000000e+00  0.000000e+00  0.000000e+00  0.000000e+00  
-1.06673  4.383496e+00  0.000000e+00  0.000000e+00  0.000000e+00  0.000000e+00  0.000000e+00  
-1.06623  4.420976e+00  0.000000e+00  0.000000e+00  0.000000e+00  0.000000e+00  0.000000e+00  
-1.06573  4.420960e+00  0.000000e+00  0.000000e+00  0.000000e+00  0.000000e+00  0.000000e+00  
-1.06523  4.420943e+00  0.000000e+00  0.000000e+00  0.000000e+00  0.000000e+00  0.000000e+00  
-1.06473  4.420926e+00  0.000000e+00  0.000000e+00  0.000000e+00  0.000000e+00  0.000000e+00  
-1.06423  4.448497e+00  0.000000e+00  0.000000e+00  0.000000e+00  0.000000e+00  0.000000e+00  
-1.06373  4.482525e+00  0.000000e+00  0.000000e+00  0.000000e+00  0.000000e+00  0.000000e+00  
-1.06324  4.482508e+00  0.000000e+00  0.000000e+00  0.000000e+00  0.000000e+00  0.000000e+00  
-1.06274  4.512911e+00  0.000000e+00  0.000000e+00  0.000000e+00  0.000000e+00  0.000000e+00  
-1.06224  4.544965e+00  0.000000e+00  0.000000e+00  0.000000e+00  0.000000e+00  0.000000e+00  
-1.06175  4.544948e+00  0.000000e+00  0.000000e+00  0.000000e+00  0.000000e+00  0.000000e+00  
-1.06125  4.544930e+00  0.000000e+00  0.000000e+00  0.000000e+00  0.000000e+00  0.000000e+00  
-1.06076  4.544913e+00  0.000000e+00  0.000000e+00  0.000000e+00  0.000000e+00  0.000000e+00  
-1.06026  4.544896e+00  0.000000e+00  0.000000e+00  0.000000e+00  0.000000e+00  0.000000e+00  
-1.05977  4.580615e+00  0.000000e+00  0.000000e+00  0.000000e+00  0.000000e+00  0.000000e+00  
-1.05928  4.608222e+00  0.000000e+00  0.000000e+00  0.000000e+00  0.000000e+00  0.000000e+00  
-1.05879  4.608204e+00  0.000000e+00  0.000000e+00  0.000000e+00  0.000000e+00  0.000000e+00  
-1.0583  4.608187e+00  0.000000e+00  0.000000e+00  0.000000e+00  0.000000e+00  0.000000e+00  
-1.0578  4.647737e+00  0.000000e+00  0.000000e+00  0.000000e+00  0.000000e+00  0.000000e+00  
-1.05731  4.672395e+00  0.000000e+00  0.000000e+00  0.000000e+00  0.000000e+00  0.000000e+00  
-1.05682  4.672377e+00  0.000000e+00  0.000000e+00  0.000000e+00  0.000000e+00  0.000000e+00  
-1.05633  4.672360e+00  0.000000e+00  0.000000e+00  0.000000e+00  0.000000e+00  0.000000e+00  
-1.05585  4.672342e+00  0.000000e+00  0.000000e+00  0.000000e+00  0.000000e+00  0.000000e+00  
-1.05536  4.716665e+00  0.000000e+00  0.000000e+00  0.000000e+00  0.000000e+00  0.000000e+00  
-1.05487  4.737444e+00  0.000000e+00  0.000000e+00  0.000000e+00  0.000000e+00  0.000000e+00  
-1.05438  4.737426e+00  0.000000e+00  0.000000e+00  0.000000e+00  0.000000e+00  0.000000e+00  
-1.0539  4.737408e+00  0.000000e+00  0.000000e+00  0.000000e+00  0.000000e+00  0.000000e+00  
-1.05341  4.785795e+00  0.000000e+00  0.000000e+00  0.000000e+00  0.000000e+00  0.000000e+00  
-1.05293  4.803417e+00  0.000000e+00  0.000000e+00  0.000000e+00  0.000000e+00  0.000000e+00  
-1.05244  4.803398e+00  0.000000e+00  0.000000e+00  0.000000e+00  0.000000e+00  0.000000e+00  
-1.05196  4.803380e+00  0.000000e+00  0.000000e+00  0.000000e+00  0.000000e+00  0.000000e+00  
-1.05147  4.803362e+00  0.000000e+00  0.000000e+00  0.000000e+00  0.000000e+00  0.000000e+00  
-1.05099  4.856768e+00  0.000000e+00  0.000000e+00  0.000000e+00  0.000000e+00  0.000000e+00  
-1.05051  4.870289e+00  0.000000e+00  0.000000e+00  0.000000e+00  0.000000e+00  0.000000e+00  
-1.05002  4.870271e+00  0.000000e+00  0.000000e+00  0.000000e+00  0.000000e+00  0.000000e+00  
-1.04954  4.870252e+00  0.000000e+00  0.000000e+00  0.000000e+00  0.000000e+00  0.000000e+00  
-1.04906  4.870234e+00  0.000000e+00  0.000000e+00  0.000000e+00  0.000000e+00  0.000000e+00  
-1.04858  4.928789e+00  0.000000e+00  0.000000e+00  0.000000e+00  0.000000e+00  0.000000e+00  
-1.0481  4.938093e+00  0.000000e+00  0.000000e+00  0.000000e+00  0.000000e+00  0.000000e+00  
-1.04762  4.938075e+00  0.000000e+00  0.000000e+00  0.000000e+00  0.000000e+00  0.000000e+00  
-1.04714  4.938056e+00  0.000000e+00  0.000000e+00  0.000000e+00  0.000000e+00  0.000000e+00  
-1.04666  4.938037e+00  0.000000e+00  0.000000e+00  0.000000e+00  0.000000e+00  0.000000e+00  
-1.04618  5.001874e+00  0.000000e+00  0.000000e+00  0.000000e+00  0.000000e+00  0.000000e+00  
-1.04571  5.006841e+00  0.000000e+00  0.000000e+00  0.000000e+00  0.000000e+00  0.000000e+00  
-1.04523  5.006822e+00  0.000000e+00  0.000000e+00  0.000000e+00  0.000000e+00  0.000000e+00  
-1.04475  5.006803e+00  0.000000e+00  0.000000e+00  0.000000e+00  0.000000e+00  0.000000e+00  
-1.04428  5.075123e+00  0.000000e+00  0.000000e+00  0.000000e+00  0.000000e+00  0.000000e+00  
-1.0438  5.076565e+00  0.000000e+00  0.000000e+00  0.000000e+00  0.000000e+00  0.000000e+00  
-1.04333  5.076546e+00  0.000000e+00  0.000000e+00  0.000000e+00  0.000000e+00  0.000000e+00  
-1.04285  5.076527e+00  0.000000e+00  0.000000e+00  0.000000e+00  0.000000e+00  0.000000e+00  
-1.04238  5.078671e+00  0.000000e+00  0.000000e+00  0.000000e+00  0.000000e+00  0.000000e+00  
-1.04191  5.147260e+00  0.000000e+00  0.000000e+00  0.000000e+00  0.000000e+00  0.000000e+00  
-1.04143  5.147241e+00  0.000000e+00  0.000000e+00  0.000000e+00  0.000000e+00  0.000000e+00  
-1.04096  5.147221e+00  0.000000e+00  0.000000e+00  0.000000e+00  0.000000e+00  0.000000e+00  
-1.04049  5.147202e+00  0.000000e+00  0.000000e+00  0.000000e+00  0.000000e+00  0.000000e+00  
-1.04002  5.154031e+00  0.000000e+00  0.000000e+00  0.000000e+00  0.000000e+00  0.000000e+00  
-1.03955  5.218920e+00  0.000000e+00  0.000000e+00  0.000000e+00  0.000000e+00  0.000000e+00  
-1.03908  5.218900e+00  0.000000e+00  0.000000e+00  0.000000e+00  0.000000e+00  0.000000e+00  
-1.03861  5.218881e+00  0.000000e+00  0.000000e+00  0.000000e+00  0.000000e+00  0.000000e+00  
-1.03814  5.218861e+00  0.000000e+00  0.000000e+00  0.000000e+00  0.000000e+00  0.000000e+00  
-1.03767  5.230506e+00  0.000000e+00  0.000000e+00  0.000000e+00  0.000000e+00  0.000000e+00  
-1.0372  5.291578e+00  0.000000e+00  0.000000e+00  0.000000e+00  0.000000e+00  0.000000e+00  
-1.03673  5.291558e+00  0.000000e+00  0.000000e+00  0.000000e+00  0.000000e+00  0.000000e+00  
-1.03627  5.291537e+00  0.000000e+00  0.000000e+00  0.000000e+00  0.000000e+00  0.000000e+00  
-1.0358  5.291517e+00  0.000000e+00  0.000000e+00  0.000000e+00  0.000000e+00  0.000000e+00  
-1.03533  5.308112e+00  0.000000e+00  0.000000e+00  0.000000e+00  0.000000e+00  0.000000e+00  
-1.03487  5.365247e+00  0.000000e+00  0.000000e+00  0.000000e+00  0.000000e+00  0.000000e+00  
-1.0344  5.365226e+00  0.000000e+00  0.000000e+00  0.000000e+00  0.000000e+00  0.000000e+00  
-1.03394  5.345705e+00  0.000000e+00  0.000000e+00  0.000000e+00  0.000000e+00  0.000000e+00  
-1.03347  5.271230e+00  0.000000e+00  0.000000e+00  0.000000e+00  0.000000e+00  0.000000e+00  
-1.03301  5.197826e+00  0.000000e+00  0.000000e+00  0.000000e+00  0.000000e+00  0.000000e+00  
-1.03255  5.083541e+00  0.000000e+00  0.000000e+00  0.000000e+00  0.000000e+00  0.000000e+00  
-1.03208  4.916563e+00  0.000000e+00  0.000000e+00  0.000000e+00  0.000000e+00  0.000000e+00  
-1.03162  4.880724e+00  0.000000e+00  0.000000e+00  0.000000e+00  0.000000e+00  0.000000e+00  
-1.03116  4.915092e+00  0.000000e+00  0.000000e+00  0.000000e+00  0.000000e+00  0.000000e+00  
-1.0307  4.961834e+00  0.000000e+00  0.000000e+00  0.000000e+00  0.000000e+00  0.000000e+00  
-1.03024  5.006213e+00  0.000000e+00  0.000000e+00  0.000000e+00  0.000000e+00  0.000000e+00  
-1.02978  5.059924e+00  0.000000e+00  0.000000e+00  0.000000e+00  0.000000e+00  0.000000e+00  
-1.02932  5.203942e+00  0.000000e+00  0.000000e+00  0.000000e+00  0.000000e+00  0.000000e+00  
-1.02886  5.291215e+00  0.000000e+00  0.000000e+00  0.000000e+00  0.000000e+00  0.000000e+00  
-1.0284  5.291195e+00  0.000000e+00  0.000000e+00  0.000000e+00  0.000000e+00  0.000000e+00  
-1.02794  5.291175e+00  0.000000e+00  0.000000e+00  0.000000e+00  0.000000e+00  0.000000e+00  
-1.02748  5.291155e+00  0.000000e+00  0.000000e+00  0.000000e+00  0.000000e+00  0.000000e+00  
-1.02703  5.324994e+00  0.000000e+00  0.000000e+00  0.000000e+00  0.000000e+00  0.000000e+00  
-1.02657  5.364879e+00  0.000000e+00  0.000000e+00  0.000000e+00  0.000000e+00  0.000000e+00  
-1.02611  5.329064e+00  0.000000e+00  0.000000e+00  0.000000e+00  0.000000e+00  0.000000e+00  
-1.02566  5.291075e+00  0.000000e+00  0.000000e+00  0.000000e+00  0.000000e+00  0.000000e+00  
-1.0252  5.328749e+00  0.000000e+00  0.000000e+00  0.000000e+00  0.000000e+00  0.000000e+00  
-1.02475  5.364798e+00  0.000000e+00  0.000000e+00  0.000000e+00  0.000000e+00  0.000000e+00  
-1.02429  5.364777e+00  0.000000e+00  0.000000e+00  0.000000e+00  0.000000e+00  0.000000e+00  
-1.02384  5.405908e+00  0.000000e+00  0.000000e+00  0.000000e+00  0.000000e+00  0.000000e+00  
-1.02338  5.439527e+00  0.000000e+00  0.000000e+00  0.000000e+00  0.000000e+00  0.000000e+00  
-1.02293  5.439507e+00  0.000000e+00  0.000000e+00  0.000000e+00  0.000000e+00  0.000000e+00  
-1.02248  5.439486e+00  0.000000e+00  0.000000e+00  0.000000e+00  0.000000e+00  0.000000e+00  
-1.02203  5.485083e+00  0.000000e+00  0.000000e+00  0.000000e+00  0.000000e+00  0.000000e+00  
-1.02157  5.515277e+00  0.000000e+00  0.000000e+00  0.000000e+00  0.000000e+00  0.000000e+00  
-1.02112  5.515256e+00  0.000000e+00  0.000000e+00  0.000000e+00  0.000000e+00  0.000000e+00  
-1.02067  5.515235e+00  0.000000e+00  0.000000e+00  0.000000e+00  0.000000e+00  0.000000e+00  
-1.02022  5.515214e+00  0.000000e+00  0.000000e+00  0.000000e+00  0.000000e+00  0.000000e+00  
-1.01977  5.515193e+00  0.000000e+00  0.000000e+00  0.000000e+00  0.000000e+00  0.000000e+00  
-1.01932  5.515172e+00  0.000000e+00  0.000000e+00  0.000000e+00  0.000000e+00  0.000000e+00  
-1.01887  5.515151e+00  0.000000e+00  0.000000e+00  0.000000e+00  0.000000e+00  0.000000e+00  
-1.01843  5.542240e+00  0.000000e+00  0.000000e+00  0.000000e+00  0.000000e+00  0.000000e+00  
-1.01798  5.581177e+00  0.000000e+00  0.000000e+00  0.000000e+00  0.000000e+00  0.000000e+00  
-1.01753  5.591975e+00  0.000000e+00  0.000000e+00  0.000000e+00  0.000000e+00  0.000000e+00  
-1.01708  5.591954e+00  0.000000e+00  0.000000e+00  0.000000e+00  0.000000e+00  0.000000e+00  
-1.01664  5.651001e+00  0.000000e+00  0.000000e+00  0.000000e+00  0.000000e+00  0.000000e+00  
-1.01619  5.669870e+00  0.000000e+00  0.000000e+00  0.000000e+00  0.000000e+00  0.000000e+00  
-1.01575  5.669848e+00  0.000000e+00  0.000000e+00  0.000000e+00  0.000000e+00  0.000000e+00  
-1.0153  5.669827e+00  0.000000e+00  0.000000e+00  0.000000e+00  0.000000e+00  0.000000e+00  
-1.01486  5.669805e+00  0.000000e+00  0.000000e+00  0.000000e+00  0.000000e+00  0.000000e+00  
-1.01441  5.669783e+00  0.000000e+00  0.000000e+00  0.000000e+00  0.000000e+00  0.000000e+00  
-1.01397  5.669762e+00  0.000000e+00  0.000000e+00  0.000000e+00  0.000000e+00  0.000000e+00  
-1.01352  5.669740e+00  0.000000e+00  0.000000e+00  0.000000e+00  0.000000e+00  0.000000e+00  
-1.01308  5.669719e+00  0.000000e+00  0.000000e+00  0.000000e+00  0.000000e+00  0.000000e+00  
-1.01264  5.669697e+00  0.000000e+00  0.000000e+00  0.000000e+00  0.000000e+00  0.000000e+00  
-1.0122  5.739751e+00  0.000000e+00  0.000000e+00  0.000000e+00  0.000000e+00  0.000000e+00  
-1.01176  5.748696e+00  0.000000e+00  0.000000e+00  0.000000e+00  0.000000e+00  0.000000e+00  
-1.01131  5.821862e+00  0.000000e+00  0.000000e+00  0.000000e+00  0.000000e+00  0.000000e+00  
-1.01087  5.828795e+00  0.000000e+00  0.000000e+00  0.000000e+00  0.000000e+00  0.000000e+00  
-1.01043  5.828773e+00  0.000000e+00  0.000000e+00  0.000000e+00  0.000000e+00  0.000000e+00  
-1.00999  5.906059e+00  0.000000e+00  0.000000e+00  0.000000e+00  0.000000e+00  0.000000e+00  
-1.00955  5.909988e+00  0.000000e+00  0.000000e+00  0.000000e+00  0.000000e+00  0.000000e+00  
-1.00912  5.909966e+00  0.000000e+00  0.000000e+00  0.000000e+00  0.000000e+00  0.000000e+00  
-1.00868  5.909943e+00  0.000000e+00  0.000000e+00  0.000000e+00  0.000000e+00  0.000000e+00  
-1.00824  5.909921e+00  0.000000e+00  0.000000e+00  0.000000e+00  0.000000e+00  0.000000e+00  
-1.0078  5.909898e+00  0.000000e+00  0.000000e+00  0.000000e+00  0.000000e+00  0.000000e+00  
-1.00736  5.909876e+00  0.000000e+00  0.000000e+00  0.000000e+00  0.000000e+00  0.000000e+00  
-1.00693  5.909854e+00  0.000000e+00  0.000000e+00  0.000000e+00  0.000000e+00  0.000000e+00  
-1.00649  5.905334e+00  0.000000e+00  0.000000e+00  0.000000e+00  0.000000e+00  0.000000e+00  
-1.00606  5.828551e+00  0.000000e+00  0.000000e+00  0.000000e+00  0.000000e+00  0.000000e+00  
-1.00562  5.828529e+00  0.000000e+00  0.000000e+00  0.000000e+00  0.000000e+00  0.000000e+00  
-1.00519  5.836184e+00  0.000000e+00  0.000000e+00  0.000000e+00  0.000000e+00  0.000000e+00  
-1.00475  5.909741e+00  0.000000e+00  0.000000e+00  0.000000e+00  0.000000e+00  0.000000e+00  
-1.00432  5.909719e+00  0.000000e+00  0.000000e+00  0.000000e+00  0.000000e+00  0.000000e+00  
-1.00388  5.920693e+00  0.000000e+00  0.000000e+00  0.000000e+00  0.000000e+00  0.000000e+00  
-1.00345  5.992062e+00  0.000000e+00  0.000000e+00  0.000000e+00  0.000000e+00  0.000000e+00  
-1.00302  5.992039e+00  0.000000e+00  0.000000e+00  0.000000e+00  0.000000e+00  0.000000e+00  
-1.00258  5.992016e+00  0.000000e+00  0.000000e+00  0.000000e+00  0.000000e+00  0.000000e+00  
-1.00215  5.991993e+00  0.000000e+00  0.000000e+00  0.000000e+00  0.000000e+00  0.000000e+00  
-1.00172  6.008535e+00  0.000000e+00  0.000000e+00  0.000000e+00  0.000000e+00  0.000000e+00  
-1.00129  6.093343e+00  0.000000e+00  0.000000e+00  0.000000e+00  0.000000e+00  0.000000e+00  
-1.00086  6.179418e+00  0.000000e+00  0.000000e+00  0.000000e+00  0.000000e+00  0.000000e+00  
-1.00043  0.000000e+00  0.000000e+00  0.000000e+00  0.000000e+00  0.000000e+00  0.000000e+00  